0.000115 -0.000472
0.000053 0.000157
-0.000192 0.000268
-0.000219 -0.000549
0.000445 0.000000
-0.000230 0.000612
-0.000257 -0.000113
0.000245 -0.000398
0.000231 0.000403
-0.000340 0.000228
0.000281 -0.000450
0.000326 0.000164
-0.000441 0.000644
0.000042 -0.000663
0.000517 0.000047
-0.000360 0.000160
-0.000065 -0.000170
-0.000492 0.000347
0.000686 -0.000888
0.000036 0.000951
-0.000685 0.000025
-0.000783 -0.000670
0.001460 -0.000561
-0.000435 0.001036
-0.000633 -0.000510
-0.000442 -0.000162
0.001678 -0.000769
-0.000698 0.001732
-0.000135 -0.001265
-0.000733 0.000519
0.001981 -0.001170
-0.001448 0.002472
0.000701 -0.002999
-0.001769 0.003373
0.003470 -0.005308
-0.005457 0.011139
-0.010040 0.061180
-0.006146 0.002894
-0.061434 0.109342
0.017840 -0.022759
0.070951 -0.064806
-0.016071 0.006384
-0.041768 0.087360
-0.005527 -0.026414
-0.126695 -0.082342
0.026943 0.000225
0.055364 -0.071306
-0.004639 0.015673
-0.062068 0.088913
0.025754 -0.017826
0.072295 -0.075845
0.007859 0.002468
0.052440 -0.029059
0.014868 -0.000834
0.203048 -0.039715
-0.035998 -0.002902
-0.024720 -0.062948
-0.021499 0.014982
-0.087540 0.062357
0.004055 -0.005785
-0.027023 -0.015385
0.007034 -0.008111
0.044655 -0.115020
-0.016480 0.017451
-0.062324 -0.052842
0.001277 0.040489
0.008839 0.184290
-0.002055 -0.006237
-0.011616 0.068435
-0.004056 -0.001090
-0.062740 0.112350
0.017762 -0.024579
0.071234 -0.064184
-0.015051 0.005768
-0.042812 0.087914
-0.004136 -0.026420
-0.126372 -0.081609
0.024551 0.000387
0.056205 -0.070918
-0.005071 0.015011
-0.061743 0.089202
0.024940 -0.016834
0.072486 -0.076206
0.006378 0.002324
0.053906 -0.029865
0.013330 0.000733
0.203520 -0.041936
-0.035170 -0.002045
-0.024793 -0.063803
-0.021515 0.015705
-0.087291 0.061674
0.002880 -0.004484
-0.025693 -0.016559
0.005717 -0.006143
0.045766 -0.116995
-0.017332 0.019037
-0.060760 -0.054347
-0.001123 0.041678
0.011531 0.182056
-0.004259 -0.002690
-0.008664 0.064468
-0.006705 0.003481
-0.059350 0.107086
0.013543 -0.017372
0.075624 -0.072803
-0.018741 0.016651
-0.039953 0.071947
-0.002062 0.006040
0.060866 0.085825
0.043009 -0.020071
-0.064979 0.091286
0.095488 -0.072992
-0.093853 -0.024902
0.095144 -0.097017
0.041436 0.012961
0.024395 -0.027337
0.136306 -0.017339
-0.022216 0.062917
-0.120683 -0.066744
-0.005414 0.006658
-0.197304 0.052139
-0.001664 0.025151
-0.060613 -0.096047
-0.129675 -0.051558
0.035664 0.048482
0.123256 0.065797
0.036658 -0.163139
-0.086704 -0.072876
0.058548 0.126801
-0.124074 -0.078308
-0.005669 0.048230
0.026362 0.018218
-0.104945 -0.166281
-0.031957 -0.033235
-0.087120 0.115090
0.018442 0.160296
-0.008146 0.041098
-0.005987 -0.048870
0.089330 0.090376
-0.054393 -0.006607
0.041411 0.038351
0.064695 -0.091876
0.075921 0.024874
0.005603 0.161038
-0.027273 -0.108451
-0.086914 -0.063701
0.062867 -0.100412
0.010714 0.074489
0.041714 -0.095137
0.123543 0.147953
0.108935 -0.120924
-0.001374 0.103239
0.015256 -0.009587
-0.252395 -0.011489
-0.126409 0.047943
0.050669 0.086014
-0.061132 0.191828
-0.018007 -0.022069
-0.075039 0.077737
-0.036972 0.045183
0.036050 -0.142494
0.026273 -0.167329
0.090003 0.109882
0.049997 0.079625
-0.101771 -0.077224
0.061458 -0.055437
0.090113 0.048780
0.066615 -0.062407
0.170863 -0.025073
-0.050618 -0.092534
-0.051850 -0.028641
0.017460 0.033539
0.061418 0.082488
0.040907 -0.015475
-0.063589 0.088025
0.092845 -0.068829
-0.086987 -0.029091
0.088401 -0.092620
0.051356 0.009900
0.006626 -0.021590
0.041204 -0.019432
0.019516 -0.014309
-0.137215 0.019365
-0.086504 -0.005789
0.076284 -0.016911
0.113125 -0.043838
-0.033526 -0.194393
0.059305 0.008326
-0.011660 -0.042886
-0.019863 -0.151072
-0.123294 -0.120833
0.176216 -0.051434
0.025293 -0.026287
-0.072435 0.045306
-0.028373 -0.063343
-0.058182 -0.022717
0.052662 -0.018981
0.016012 0.064482
-0.177091 0.174544
-0.101966 -0.070802
-0.060990 0.159230
0.056365 0.015774
-0.021073 -0.005597
0.156327 -0.090563
0.114882 0.048879
0.094551 0.045881
-0.087644 0.030026
-0.049090 0.027944
-0.095891 -0.063961
-0.058848 0.099775
-0.030588 -0.026197
-0.110710 0.075404
-0.003658 -0.019151
0.053225 -0.009664
0.003009 -0.036636
-0.019420 -0.159521
0.033472 0.060183
-0.048930 0.056423
0.125381 -0.077696
-0.110329 0.069800
0.126129 0.104630
-0.069896 0.063538
-0.029578 -0.023076
-0.053017 -0.060172
0.142737 -0.042886
0.053419 0.042217
-0.035259 -0.026011
-0.031042 0.037293
-0.053824 0.038533
0.035564 0.038548
0.050713 -0.141765
0.041823 -0.097998
-0.170394 -0.030632
-0.095632 0.010406
0.223449 0.247482
0.041938 -0.068252
0.052807 0.139835
0.104196 0.012737
-0.039140 -0.119711
0.009282 0.159802
0.009614 -0.006781
0.061177 -0.105544
0.021237 0.106397
-0.070223 0.079209
0.051796 -0.031691
0.013481 -0.004891
-0.131355 0.010854
-0.091450 0.005737
0.077032 -0.029036
0.112538 -0.030343
-0.033288 -0.210938
0.055653 0.032253
-0.069501 0.105207
-0.086575 -0.048263
0.009476 0.124200
0.051638 -0.201529
-0.014452 -0.013968
0.060752 0.010865
-0.092664 -0.037598
0.021598 -0.022546
-0.013151 0.038116
0.083983 0.043529
0.077092 0.095780
0.089167 -0.012950
-0.172829 0.010845
-0.198195 0.023396
0.141047 -0.011624
-0.005431 -0.145374
0.076491 0.024489
-0.094548 -0.004673
-0.046946 -0.057586
-0.025018 -0.065091
0.009238 0.029205
-0.013002 -0.027039
0.008921 0.147129
-0.054012 0.083007
0.079245 -0.019765
-0.008702 0.005179
-0.073615 -0.066785
-0.023151 -0.128723
-0.002277 -0.073074
-0.009668 0.013473
-0.070436 -0.103797
-0.030619 -0.030268
-0.056058 0.037018
0.096743 -0.017029
-0.175471 -0.071542
0.153697 -0.007799
-0.026105 0.123100
0.061933 0.132745
0.129733 0.135733
-0.169095 0.057660
-0.082142 -0.031076
0.087734 0.239361
0.124751 -0.022063
-0.124985 0.060160
0.046105 -0.057849
0.030862 0.087886
-0.013653 0.110589
-0.101979 0.020071
0.043158 0.010572
0.170674 -0.118625
-0.039163 -0.202464
0.041293 0.009646
0.057696 -0.058722
-0.040590 -0.020822
0.000043 -0.005971
-0.064562 -0.053992
-0.034020 0.003092
-0.071506 0.104043
-0.000089 0.052795
0.166767 -0.109841
0.140104 -0.048306
0.000846 0.050684
0.012217 -0.150030
0.026831 0.051310
-0.058879 0.111164
-0.092791 -0.051419
0.011755 0.129134
0.048076 -0.205524
-0.011641 -0.011525
0.058407 0.005756
-0.090428 -0.028283
0.016844 -0.036687
-0.043519 0.020354
0.103264 0.044005
0.002324 -0.012221
-0.028215 0.002736
-0.045033 -0.141453
-0.009576 0.013933
0.085920 -0.099819
-0.022657 0.108937
0.158054 0.092631
-0.112360 -0.036064
-0.035720 -0.050147
-0.050548 -0.019215
-0.037460 -0.092430
-0.097743 -0.014848
0.051258 -0.070834
-0.033055 -0.022769
-0.028472 0.005158
0.135339 0.023859
-0.024172 0.074054
-0.014057 -0.029356
0.030754 0.214546
0.048898 -0.039745
-0.103780 -0.027421
0.047601 0.157156
-0.045775 0.089607
-0.044529 -0.079000
-0.113018 -0.040977
0.006220 -0.033244
-0.040057 -0.115201
0.015195 -0.003850
-0.019402 0.017057
-0.036117 -0.016308
0.148277 0.125531
-0.090210 -0.131728
-0.077559 -0.026121
0.131243 -0.129214
0.004363 0.102895
-0.099811 0.106071
-0.068112 -0.097711
0.044708 -0.034229
0.063736 -0.039199
0.014346 0.034788
-0.062056 -0.103794
0.061311 0.055250
-0.028267 0.133489
-0.062648 0.010335
0.042167 0.124123
-0.078233 0.115774
0.001515 0.096215
0.219699 0.114694
0.000125 0.075269
0.104442 0.023925
-0.013443 -0.041117
-0.020744 -0.215589
0.114052 0.107600
0.025847 -0.059361
-0.064952 -0.044655
-0.208983 0.040254
-0.058511 0.018967
0.125655 0.033649
0.171603 -0.208806
-0.078927 -0.112655
0.005548 -0.052141
0.028801 0.064480
-0.032976 0.009464
0.093691 0.049051
0.012101 -0.015928
-0.035879 0.006584
-0.038247 -0.141907
-0.018989 0.012290
0.095834 -0.096918
-0.038619 0.096969
0.009589 -0.012674
-0.005654 0.009145
0.003271 -0.006232
-0.003431 0.004192
0.003368 -0.004211
-0.002407 0.004690
0.001222 -0.003538
-0.001375 0.001726
0.002581 -0.002154
-0.002009 0.002910
0.000532 -0.002407
-0.000581 0.000767
0.001654 -0.001012
-0.001347 0.001967
0.000490 -0.001647
-0.000270 0.000615
0.000698 -0.000575
-0.000988 0.001114
0.000421 -0.001053
-0.000089 0.000480
0.000312 -0.000414
-0.000887 0.000690
0.000912 -0.000709
-0.000257 0.000618
-0.000069 -0.000539
-0.000115 -0.000061
0.000056 -0.000156
0.000007 -0.000004
-0.000019 0.000044
-0.000003 0.000005
0.000009 -0.000023
0.000001 0.000000
-0.000002 0.000005
-0.000001 0.000001
0.000001 -0.000004
0.000000 0.000001
