-0.000001 0.000007
0.000002 0.000009
0.000004 0.000011
0.000007 0.000011
0.000007 0.000009
0.000006 0.000006
0.000003 0.000000
-0.000002 -0.000007
-0.000008 -0.000011
-0.000011 -0.000011
-0.000009 -0.000009
-0.000006 -0.000003
0.000002 0.000006
0.000012 0.000011
0.000018 0.000011
0.000019 0.000007
0.000012 -0.000000
-0.000000 -0.000005
-0.000010 -0.000005
-0.000013 -0.000005
-0.000016 -0.000005
-0.000018 -0.000001
-0.000013 0.000006
-0.000004 0.000007
0.000002 0.000003
0.000004 -0.000004
0.000003 -0.000010
0.000000 -0.000014
-0.000002 -0.000014
-0.000004 -0.000009
-0.000003 -0.000001
-0.000000 0.000006
0.000001 0.000012
0.000000 0.000017
0.000001 0.000018
0.000001 0.000013
0.000001 0.000003
-0.000001 -0.000009
-0.000003 -0.000020
-0.000005 -0.000026
-0.000006 -0.000025
-0.000005 -0.000015
-0.000002 -0.000001
0.000002 0.000014
0.000002 0.000026
0.000002 0.000034
0.000004 0.000033
0.000005 0.000018
0.000001 -0.000003
-0.000004 -0.000023
-0.000008 -0.000036
-0.000010 -0.000039
-0.000007 -0.000031
-0.000002 -0.000017
0.000002 0.000002
0.000005 0.000021
0.000010 0.000033
0.000012 0.000034
0.000008 0.000026
0.000003 0.000014
-0.000001 -0.000000
-0.000005 -0.000014
-0.000009 -0.000025
-0.000010 -0.000029
-0.000009 -0.000026
-0.000006 -0.000015
0.000000 -0.000001
0.000006 0.000013
0.000008 0.000025
0.000007 0.000035
0.000007 0.000035
0.000005 0.000023
-0.000000 0.000002
-0.000007 -0.000021
-0.000012 -0.000039
-0.000012 -0.000046
-0.000009 -0.000039
-0.000001 -0.000021
0.000006 0.000002
0.000008 0.000026
0.000008 0.000046
0.000009 0.000052
0.000008 0.000041
0.000004 0.000017
-0.000000 -0.000008
-0.000000 -0.000028
0.000003 -0.000040
0.000007 -0.000040
0.000009 -0.000032
0.000008 -0.000017
0.000002 0.000002
-0.000004 0.000021
-0.000007 0.000033
-0.000008 0.000035
-0.000008 0.000029
-0.000006 0.000018
0.000000 0.000004
0.000007 -0.000013
0.000010 -0.000028
0.000010 -0.000036
0.000007 -0.000034
0.000001 -0.000022
-0.000004 -0.000001
-0.000007 0.000019
-0.000010 0.000035
-0.000011 0.000044
-0.000006 0.000040
-0.000001 0.000021
0.000002 -0.000004
0.000003 -0.000027
0.000005 -0.000043
0.000006 -0.000047
0.000006 -0.000038
0.000004 -0.000021
-0.000000 0.000002
-0.000004 0.000026
-0.000003 0.000041
-0.000002 0.000042
-0.000003 0.000032
-0.000003 0.000016
-0.000001 -0.000003
0.000001 -0.000020
0.000003 -0.000031
0.000005 -0.000033
0.000004 -0.000028
0.000002 -0.000015
-0.000001 0.000001
-0.000003 0.000018
-0.000003 0.000028
-0.000002 0.000030
-0.000002 0.000023
-0.000001 0.000012
0.000001 -0.000002
0.000002 -0.000014
0.000001 -0.000023
-0.000000 -0.000025
-0.000002 -0.000021
-0.000003 -0.000013
-0.000004 -0.000000
-0.000000 0.000012
0.000007 0.000017
0.000010 0.000013
0.000006 0.000008
0.000001 0.000006
-0.000003 0.000002
-0.000009 -0.000004
-0.000015 -0.000007
-0.000017 -0.000008
-0.000015 -0.000006
-0.000007 -0.000002
0.000005 -0.000000
0.000013 0.000001
0.000017 0.000004
0.000018 0.000007
0.000013 0.000008
0.000005 0.000008
-0.000002 0.000006
-0.000006 0.000001
-0.000009 -0.000006
-0.000009 -0.000011
-0.000007 -0.000013
-0.000004 -0.000008
0.000002 -0.000001
0.000005 0.000005
0.000004 0.000012
0.000003 0.000018
0.000004 0.000019
0.000003 0.000012
0.000001 0.000001
-0.000001 -0.000011
-0.000003 -0.000021
-0.000004 -0.000025
-0.000003 -0.000022
-0.000001 -0.000013
0.000001 -0.000000
0.000002 0.000013
0.000003 0.000024
0.000003 0.000028
0.000003 0.000023
0.000001 0.000012
-0.000001 -0.000002
-0.000001 -0.000015
-0.000001 -0.000023
-0.000000 -0.000025
0.000002 -0.000020
0.000003 -0.000011
0.000003 0.000001
0.000001 0.000013
0.000002 0.000021
0.000002 0.000020
-0.000000 0.000013
-0.000003 0.000007
-0.000002 0.000001
0.000001 -0.000006
0.000004 -0.000010
0.000006 -0.000012
0.000006 -0.000011
0.000004 -0.000006
0.000002 -0.000000
-0.000002 0.000004
-0.000007 0.000009
-0.000009 0.000014
-0.000008 0.000014
-0.000006 0.000012
0.000002 0.000008
0.000011 -0.000001
0.000018 -0.000011
0.000018 -0.000020
0.000012 -0.000024
0.000000 -0.000019
-0.000009 -0.000004
-0.000013 0.000009
-0.000016 0.000018
-0.000019 0.000026
-0.000014 0.000028
-0.000004 0.000020
0.000003 0.000003
0.000005 -0.000017
0.000004 -0.000033
0.000000 -0.000040
-0.000003 -0.000037
-0.000005 -0.000023
-0.000004 -0.000002
-0.000000 0.000019
0.000002 0.000035
0.000002 0.000045
0.000002 0.000043
0.000001 0.000028
-0.000000 0.000004
-0.000002 -0.000022
-0.000004 -0.000044
-0.000005 -0.000055
-0.000005 -0.000050
-0.000004 -0.000030
-0.000001 -0.000001
0.000002 0.000029
0.000002 0.000051
0.000001 0.000063
0.000003 0.000057
0.000005 0.000032
0.000002 -0.000003
-0.000003 -0.000037
-0.000007 -0.000061
-0.000009 -0.000068
-0.000008 -0.000057
-0.000004 -0.000032
0.000000 0.000000
0.000005 0.000034
0.000011 0.000057
0.000014 0.000063
0.000010 0.000053
0.000003 0.000032
-0.000002 0.000003
-0.000006 -0.000028
-0.000009 -0.000051
-0.000010 -0.000061
-0.000009 -0.000055
-0.000006 -0.000032
-0.000000 -0.000001
0.000005 0.000030
0.000007 0.000053
0.000006 0.000065
0.000006 0.000061
0.000005 0.000038
0.000002 0.000004
-0.000003 -0.000033
-0.000008 -0.000063
-0.000012 -0.000076
-0.000013 -0.000069
-0.000011 -0.000042
-0.000003 -0.000003
0.000007 0.000036
0.000013 0.000064
0.000014 0.000077
0.000010 0.000072
0.000005 0.000047
-0.000002 0.000006
-0.000011 -0.000039
-0.000020 -0.000073
-0.000023 -0.000087
-0.000019 -0.000078
-0.000010 -0.000047
0.000003 -0.000002
0.000012 0.000044
0.000016 0.000082
0.000014 0.000103
0.000012 0.000097
0.000007 0.000062
-0.000001 0.000006
-0.000010 -0.000054
-0.000018 -0.000100
-0.000020 -0.000117
-0.000014 -0.000102
-0.000004 -0.000060
0.000005 -0.000000
0.000009 0.000064
0.000010 0.000115
0.000011 0.000137
0.000009 0.000120
0.000005 0.000069
-0.000001 -0.000001
-0.000004 -0.000071
-0.000007 -0.000123
-0.000007 -0.000139
-0.000002 -0.000118
0.000002 -0.000068
0.000001 0.000003
-0.000000 0.000077
0.000001 0.000131
0.000002 0.000150
0.000003 0.000130
0.000004 0.000073
0.000001 -0.000004
-0.000003 -0.000079
-0.000007 -0.000133
-0.000010 -0.000151
-0.000009 -0.000129
-0.000005 -0.000074
-0.000001 0.000001
0.000005 0.000078
0.000013 0.000132
0.000015 0.000147
0.000011 0.000125
0.000004 0.000071
-0.000003 -0.000004
-0.000013 -0.000076
-0.000017 -0.000125
-0.000015 -0.000141
-0.000010 -0.000121
-0.000001 -0.000068
0.000008 0.000001
0.000011 0.000069
0.000009 0.000122
0.000008 0.000145
0.000006 0.000126
0.000002 0.000074
-0.000000 0.000003
0.000001 -0.000071
0.000003 -0.000127
0.000005 -0.000151
0.000006 -0.000134
0.000005 -0.000079
0.000003 -0.000000
-0.000003 0.000079
-0.000012 0.000142
-0.000015 0.000170
-0.000009 0.000149
-0.000003 0.000082
0.000002 -0.000007
0.000010 -0.000092
0.000018 -0.000154
0.000023 -0.000175
0.000021 -0.000150
0.000012 -0.000085
-0.000002 0.000003
-0.000015 0.000092
-0.000022 0.000156
-0.000020 0.000176
-0.000012 0.000146
-0.000004 0.000077
0.000004 -0.000007
0.000015 -0.000089
0.000022 -0.000151
0.000020 -0.000175
0.000012 -0.000150
0.000005 -0.000085
-0.000002 0.000001
-0.000006 0.000087
-0.000009 0.000149
-0.000011 0.000171
-0.000010 0.000150
-0.000006 0.000087
-0.000001 -0.000002
0.000002 -0.000090
0.000007 -0.000150
0.000014 -0.000171
0.000018 -0.000148
0.000013 -0.000087
0.000001 0.000000
-0.000012 0.000090
-0.000018 0.000155
-0.000018 0.000175
-0.000016 0.000146
-0.000010 0.000082
0.000001 0.000000
0.000016 -0.000083
0.000024 -0.000149
0.000020 -0.000175
0.000009 -0.000153
-0.000004 -0.000089
-0.000012 -0.000000
-0.000012 0.000088
-0.000008 0.000152
-0.000004 0.000177
0.000002 0.000158
0.000006 0.000094
0.000003 0.000001
-0.000004 -0.000094
-0.000013 -0.000168
-0.000021 -0.000199
-0.000023 -0.000172
-0.000012 -0.000098
0.000004 0.000000
0.000018 0.000099
0.000026 0.000173
0.000026 0.000202
0.000020 0.000176
0.000010 0.000101
-0.000003 -0.000004
-0.000017 -0.000108
-0.000024 -0.000180
-0.000023 -0.000204
-0.000014 -0.000173
-0.000002 -0.000098
0.000009 0.000003
0.000013 0.000104
0.000015 0.000183
0.000017 0.000212
0.000014 0.000182
0.000006 0.000104
-0.000001 0.000002
-0.000002 -0.000103
-0.000001 -0.000184
-0.000000 -0.000216
0.000001 -0.000189
0.000002 -0.000110
0.000002 0.000001
0.000000 0.000112
-0.000005 0.000195
-0.000008 0.000230
-0.000005 0.000203
0.000001 0.000116
0.000004 -0.000004
0.000005 -0.000122
0.000009 -0.000206
0.000012 -0.000239
0.000009 -0.000211
0.000000 -0.000125
-0.000008 -0.000002
-0.000011 0.000120
-0.000012 0.000209
-0.000011 0.000242
-0.000006 0.000210
-0.000001 0.000120
0.000002 -0.000002
0.000005 -0.000125
0.000006 -0.000217
0.000002 -0.000252
-0.000002 -0.000219
-0.000005 -0.000128
-0.000006 0.000000
-0.000003 0.000130
0.000002 0.000224
0.000005 0.000258
0.000006 0.000226
0.000006 0.000131
0.000002 -0.000002
-0.000007 -0.000135
-0.000014 -0.000234
-0.000021 -0.000272
-0.000022 -0.000236
-0.000015 -0.000136
-0.000002 -0.000000
0.000012 0.000137
0.000024 0.000237
0.000029 0.000275
0.000025 0.000240
0.000014 0.000140
-0.000002 -0.000001
-0.000020 -0.000143
-0.000034 -0.000248
-0.000037 -0.000284
-0.000028 -0.000243
-0.000010 -0.000140
0.000007 0.000003
0.000020 0.000150
0.000030 0.000258
0.000030 0.000297
0.000023 0.000257
0.000012 0.000147
-0.000002 -0.000006
-0.000018 -0.000156
-0.000025 -0.000260
-0.000023 -0.000298
-0.000018 -0.000258
-0.000010 -0.000148
0.000000 0.000002
0.000010 0.000151
0.000019 0.000260
0.000025 0.000296
0.000024 0.000250
0.000013 0.000138
-0.000000 -0.000008
-0.000011 -0.000152
-0.000018 -0.000258
-0.000022 -0.000295
-0.000019 -0.000251
-0.000007 -0.000141
0.000006 0.000004
0.000017 0.000150
0.000025 0.000257
0.000028 0.000293
0.000021 0.000251
0.000009 0.000144
-0.000003 -0.000003
-0.000014 -0.000148
-0.000019 -0.000253
-0.000016 -0.000290
-0.000010 -0.000252
-0.000002 -0.000145
0.000006 0.000001
0.000011 0.000147
0.000013 0.000255
0.000012 0.000292
0.000006 0.000251
-0.000000 0.000144
-0.000003 -0.000001
-0.000004 -0.000147
-0.000001 -0.000249
0.000007 -0.000285
0.000013 -0.000250
0.000010 -0.000147
0.000001 -0.000002
-0.000007 0.000146
-0.000012 0.000253
-0.000015 0.000289
-0.000017 0.000248
-0.000013 0.000145
-0.000001 0.000004
0.000013 -0.000140
0.000023 -0.000248
0.000025 -0.000291
0.000017 -0.000259
0.000001 -0.000153
-0.000012 -0.000003
-0.000018 0.000147
-0.000018 0.000257
-0.000014 0.000298
-0.000007 0.000259
-0.000002 0.000151
0.000002 0.000002
0.000008 -0.000150
0.000010 -0.000269
0.000004 -0.000320
-0.000005 -0.000280
-0.000006 -0.000160
0.000002 -0.000001
0.000008 0.000155
0.000006 0.000273
0.000003 0.000323
0.000002 0.000285
0.000001 0.000170
0.000002 0.000007
0.000003 -0.000162
0.000005 -0.000289
0.000007 -0.000342
0.000006 -0.000306
-0.000001 -0.000183
-0.000006 -0.000006
-0.000008 0.000173
-0.000013 0.000308
-0.000017 0.000368
-0.000013 0.000331
-0.000004 0.000199
0.000002 0.000007
0.000005 -0.000191
0.000005 -0.000343
0.000001 -0.000404
-0.000004 -0.000355
-0.000006 -0.000208
-0.000004 -0.000000
-0.000001 0.000209
0.000001 0.000365
0.000003 0.000425
0.000005 0.000369
0.000006 0.000210
0.000002 -0.000008
-0.000003 -0.000223
-0.000004 -0.000379
-0.000003 -0.000436
-0.000002 -0.000377
-0.000000 -0.000217
0.000002 0.000000
0.000004 0.000219
0.000006 0.000381
0.000008 0.000439
0.000006 0.000380
0.000000 0.000223
-0.000001 0.000008
-0.000000 -0.000217
-0.000005 -0.000388
-0.000011 -0.000454
-0.000012 -0.000397
-0.000007 -0.000232
-0.000001 -0.000001
0.000007 0.000235
0.000013 0.000411
0.000012 0.000480
0.000008 0.000425
0.000004 0.000252
-0.000002 0.000005
-0.000012 -0.000247
-0.000019 -0.000433
-0.000018 -0.000504
-0.000013 -0.000441
-0.000005 -0.000257
0.000004 -0.000001
0.000009 0.000257
0.000010 0.000451
0.000011 0.000526
0.000009 0.000457
0.000004 0.000265
0.000000 0.000003
0.000000 -0.000265
-0.000001 -0.000466
-0.000002 -0.000542
-0.000002 -0.000473
-0.000003 -0.000277
-0.000005 -0.000001
-0.000002 0.000280
0.000002 0.000486
0.000003 0.000564
0.000003 0.000493
0.000003 0.000289
0.000001 0.000004
-0.000004 -0.000288
-0.000012 -0.000506
-0.000018 -0.000587
-0.000018 -0.000512
-0.000013 -0.000299
-0.000005 -0.000002
0.000008 0.000302
0.000023 0.000525
0.000028 0.000606
0.000023 0.000528
0.000011 0.000310
-0.000004 0.000005
-0.000020 -0.000308
-0.000034 -0.000542
-0.000042 -0.000631
-0.000037 -0.000547
-0.000019 -0.000315
0.000006 0.000002
0.000027 0.000322
0.000039 0.000562
0.000043 0.000655
0.000036 0.000572
0.000020 0.000334
0.000000 0.000004
-0.000019 -0.000333
-0.000033 -0.000583
-0.000037 -0.000679
-0.000031 -0.000594
-0.000019 -0.000348
0.000000 -0.000003
0.000020 0.000344
0.000032 0.000602
0.000034 0.000703
0.000026 0.000618
0.000014 0.000366
-0.000001 0.000009
-0.000020 -0.000358
-0.000038 -0.000633
-0.000045 -0.000740
-0.000040 -0.000648
-0.000024 -0.000379
0.000000 -0.000003
0.000024 0.000378
0.000038 0.000665
0.000042 0.000781
0.000036 0.000687
0.000021 0.000405
-0.000001 0.000006
-0.000025 -0.000402
-0.000043 -0.000706
-0.000049 -0.000821
-0.000038 -0.000716
-0.000016 -0.000417
0.000007 -0.000000
0.000025 0.000425
0.000036 0.000744
0.000039 0.000869
0.000033 0.000759
0.000018 0.000442
-0.000001 0.000002
-0.000019 -0.000446
-0.000033 -0.000780
-0.000038 -0.000904
-0.000031 -0.000786
-0.000016 -0.000457
-0.000000 0.000002
0.000017 0.000469
0.000032 0.000816
0.000039 0.000947
0.000035 0.000825
0.000022 0.000479
0.000001 -0.000002
-0.000023 -0.000488
-0.000042 -0.000848
-0.000049 -0.000984
-0.000043 -0.000856
-0.000023 -0.000497
0.000003 -0.000000
0.000028 0.000504
0.000047 0.000880
0.000053 0.001023
0.000044 0.000893
0.000023 0.000522
-0.000003 0.000003
-0.000030 -0.000525
-0.000049 -0.000918
-0.000055 -0.001069
-0.000046 -0.000932
-0.000024 -0.000541
0.000003 0.000002
0.000028 0.000553
0.000045 0.000966
0.000053 0.001127
0.000050 0.000983
0.000033 0.000568
0.000003 -0.000006
-0.000026 -0.000584
-0.000048 -0.001016
-0.000058 -0.001181
-0.000053 -0.001028
-0.000031 -0.000597
0.000002 0.000000
0.000036 0.000605
0.000062 0.001055
0.000071 0.001225
0.000059 0.001068
0.000031 0.000622
-0.000005 -0.000000
-0.000043 -0.000634
-0.000072 -0.001102
-0.000078 -0.001278
-0.000060 -0.001112
-0.000025 -0.000646
0.000013 0.000002
0.000044 0.000664
0.000066 0.001163
0.000073 0.001354
0.000060 0.001181
0.000030 0.000689
-0.000003 0.000004
-0.000033 -0.000695
-0.000054 -0.001218
-0.000061 -0.001421
-0.000052 -0.001243
-0.000031 -0.000726
-0.000001 -0.000001
0.000031 0.000739
0.000058 0.001294
0.000071 0.001509
0.000064 0.001320
0.000037 0.000771
-0.000001 0.000003
-0.000040 -0.000784
-0.000074 -0.001376
-0.000091 -0.001606
-0.000080 -0.001402
-0.000042 -0.000816
0.000009 0.000002
0.000056 0.000839
0.000089 0.001473
0.000104 0.001724
0.000090 0.001509
0.000050 0.000882
-0.000003 0.000004
-0.000053 -0.000897
-0.000091 -0.001574
-0.000102 -0.001836
-0.000083 -0.001609
-0.000045 -0.000942
0.000002 0.000001
0.000052 0.000971
0.000093 0.001700
0.000111 0.001985
0.000101 0.001739
0.000062 0.001013
0.000002 -0.000004
-0.000062 -0.001044
-0.000113 -0.001829
-0.000139 -0.002140
-0.000130 -0.001878
-0.000083 -0.001098
-0.000007 0.000001
0.000079 0.001128
0.000151 0.001979
0.000187 0.002314
0.000171 0.002028
0.000103 0.001184
0.000002 -0.000004
-0.000105 -0.001225
-0.000189 -0.002152
-0.000227 -0.002522
-0.000203 -0.002218
-0.000120 -0.001300
0.000003 -0.000000
0.000134 0.001341
0.000236 0.002361
0.000280 0.002773
0.000247 0.002446
0.000146 0.001443
-0.000000 0.000010
-0.000159 -0.001481
-0.000287 -0.002623
-0.000345 -0.003093
-0.000315 -0.002737
-0.000196 -0.001616
-0.000009 -0.000004
0.000196 0.001671
0.000358 0.002960
0.000434 0.003500
0.000399 0.003103
0.000245 0.001832
0.000005 0.000002
-0.000257 -0.001912
-0.000470 -0.003396
-0.000573 -0.004018
-0.000523 -0.003564
-0.000318 -0.002108
-0.000002 -0.000000
0.000343 0.002213
0.000621 0.003934
0.000748 0.004667
0.000680 0.004156
0.000415 0.002467
0.000001 -0.000003
-0.000457 -0.002616
-0.000831 -0.004663
-0.001008 -0.005549
-0.000916 -0.004959
-0.000555 -0.002957
0.000002 -0.000001
0.000621 0.003164
0.001135 0.005680
0.001387 0.006805
0.001273 0.006121
0.000779 0.003676
-0.000001 0.000002
-0.000886 -0.003988
-0.001639 -0.007216
-0.002022 -0.008716
-0.001872 -0.007911
-0.001158 -0.004800
0.000002 0.000000
0.001354 0.005341
0.002545 0.009791
0.003197 0.012006
0.003026 0.011084
0.001920 0.006851
-0.000002 0.000001
-0.002367 -0.007963
-0.004595 -0.015010
-0.006003 -0.019016
-0.005951 -0.018252
-0.003993 -0.011829
-0.000001 0.000000
0.005760 0.015783
0.012634 0.033075
0.019663 0.048896
0.025750 0.060333
0.029862 0.065185
0.031252 0.062494
0.029634 0.052833
0.025258 0.038279
0.018888 0.022085
0.011683 0.008063
0.004975 -0.000179
0.000004 0.000004
-0.002337 0.009702
-0.001692 0.028140
0.001667 0.052733
0.006884 0.079505
0.012696 0.103795
0.017705 0.121089
0.020688 0.127840
0.020864 0.122095
0.018080 0.103840
0.012869 0.074972
0.006353 0.038918
-0.000004 0.000002
-0.004723 -0.037309
-0.006655 -0.069123
-0.005265 -0.092669
-0.000786 -0.106581
0.005797 -0.110881
0.012948 -0.106705
0.018907 -0.095865
0.022095 -0.080367
0.021495 -0.061984
0.016942 -0.042005
0.009232 -0.021205
-0.000003 -0.000000
-0.008609 0.021293
-0.014370 0.042156
-0.015523 0.061659
-0.011224 0.078407
-0.001842 0.090688
0.010975 0.096789
0.024512 0.095422
0.035432 0.086135
0.040410 0.069609
0.036802 0.047720
0.023233 0.023361
-0.000005 -0.000001
-0.030869 -0.018938
-0.065797 -0.030713
-0.100242 -0.033835
-0.129408 -0.028399
-0.149059 -0.016110
-0.156254 0.000003
-0.149872 0.016159
-0.130822 0.028553
-0.101885 0.034103
-0.067226 0.031027
-0.031698 0.019166
-0.000005 0.000003
0.024078 -0.023677
0.038284 -0.048354
0.042145 -0.070444
0.036958 -0.086952
0.025409 -0.095953
0.010976 -0.096801
-0.002771 -0.090063
-0.012864 -0.077209
-0.017456 -0.060148
-0.016082 -0.040733
-0.009621 -0.020402
-0.000003 0.000003
0.010300 0.020178
0.018847 0.040087
0.023761 0.059605
0.024121 0.078158
0.020117 0.094495
0.012946 0.106692
0.004492 0.112422
-0.003131 0.109443
-0.008082 0.096197
-0.009202 0.072382
-0.006263 0.039318
-0.000007 -0.000001
0.008042 -0.041207
0.015949 -0.079211
0.021827 -0.109073
0.024293 -0.126942
0.022787 -0.130840
0.017703 -0.121101
0.010312 -0.100359
0.002480 -0.073092
-0.003776 -0.044751
-0.006758 -0.020678
-0.005494 -0.005039
-0.000001 -0.000001
0.008680 -0.005320
0.018696 -0.018465
0.027779 -0.035253
0.033759 -0.050838
0.035088 -0.060862
0.031251 -0.062504
0.022970 -0.055181
0.012149 -0.040732
0.001552 -0.023042
-0.005715 -0.007175
-0.006853 0.001793
0.000004 0.000001
0.015324 -0.014205
0.037941 -0.039755
0.065128 -0.072918
0.092987 -0.107954
0.117082 -0.138256
0.133188 -0.157709
0.138042 -0.161976
0.129968 -0.149449
0.109212 -0.121666
0.077947 -0.083056
0.039953 -0.040087
0.000004 -0.000002
-0.036918 0.030621
-0.066429 0.047164
-0.085443 0.047854
-0.092628 0.034065
-0.088546 0.009982
-0.075448 -0.018302
-0.056792 -0.044040
-0.036563 -0.061187
-0.018535 -0.065560
-0.005621 -0.055589
0.000590 -0.032510
0.000001 -0.000000
-0.006119 0.036656
-0.015504 0.071661
-0.025444 0.099819
-0.033387 0.117437
-0.037470 0.122870
-0.036862 0.116602
-0.031877 0.100911
-0.023828 0.079223
-0.014681 0.055330
-0.006572 0.032664
-0.001315 0.013760
0.000002 -0.000002
-0.002754 -0.008360
-0.008758 -0.011912
-0.016447 -0.011737
-0.023899 -0.009029
-0.029275 -0.004837
-0.031256 0.000010
-0.029362 0.004843
-0.024059 0.009008
-0.016636 0.011697
-0.008920 0.011865
-0.002846 0.008325
0.000001 0.000002
-0.001226 -0.013711
-0.006417 -0.032564
-0.014497 -0.055197
-0.023662 -0.079099
-0.031777 -0.100838
-0.036857 -0.116606
-0.037556 -0.122961
-0.033541 -0.117606
-0.025629 -0.100031
-0.015676 -0.071860
-0.006231 -0.036780
-0.000015 -0.000004
0.000685 0.032635
-0.005441 0.055813
-0.018325 0.065833
-0.036377 0.061444
-0.056679 0.044205
-0.075445 0.018313
-0.088668 -0.010144
-0.092851 -0.034368
-0.085711 -0.048222
-0.066670 -0.047498
-0.037063 -0.030825
-0.000001 -0.000004
0.040094 0.040295
0.078197 0.083434
0.109501 0.122122
0.130220 0.149863
0.138189 0.162227
0.133186 0.157717
0.116927 0.138004
0.092715 0.107504
0.064813 0.072392
0.037673 0.039297
0.015176 0.013939
0.000012 0.000004
-0.006693 -0.001506
-0.005440 0.007675
0.001870 0.023621
0.012423 0.041235
0.023129 0.055470
0.031251 0.062496
0.034927 0.060553
0.033480 0.050307
0.027458 0.034637
0.018416 0.017922
0.008514 0.005000
-0.000003 -0.000003
-0.005323 0.005355
-0.006461 0.021234
-0.003431 0.045404
0.002782 0.073668
0.010488 0.100701
0.017702 0.121111
0.022608 0.130505
0.023975 0.126341
0.021448 0.108367
0.015613 0.078594
0.007846 0.040848
-0.000005 -0.000000
-0.006057 -0.038958
-0.008844 -0.071757
-0.007666 -0.095470
-0.002763 -0.108809
0.004713 -0.112061
0.012946 -0.106703
0.019885 -0.094873
0.023710 -0.078797
0.023276 -0.060331
0.018419 -0.040706
0.010050 -0.020528
0.000001 -0.000000
-0.009354 0.020751
-0.015611 0.041327
-0.016901 0.060822
-0.012373 0.077784
-0.002483 0.090386
0.010972 0.096794
0.025097 0.095627
0.036411 0.086403
0.041502 0.069823
0.037715 0.047828
0.023746 0.023382
0.000003 0.000000
-0.031337 -0.018878
-0.066592 -0.030539
-0.101134 -0.033556
-0.130155 -0.028093
-0.149475 -0.015902
-0.156253 -0.000002
-0.149480 0.015878
-0.130160 0.028019
-0.101139 0.033426
-0.066599 0.030387
-0.031345 0.018768
0.000001 0.000000
0.023754 -0.023232
0.037732 -0.047534
0.041523 -0.069444
0.036428 -0.086040
0.025105 -0.095394
0.010971 -0.096790
-0.002495 -0.090657
-0.012397 -0.078289
-0.016928 -0.061443
-0.015628 -0.041897
-0.009357 -0.021100
0.000011 -0.000000
0.010067 0.020919
0.018437 0.041422
0.023293 0.061202
0.023720 0.079586
0.019885 0.095351
0.012941 0.106708
0.004710 0.111547
-0.002759 0.107875
-0.007657 0.094339
-0.008836 0.070733
-0.006055 0.038341
-0.000007 -0.000002
0.007842 -0.040190
0.015608 -0.077409
0.021445 -0.106946
0.023977 -0.125064
0.022613 -0.129737
0.017709 -0.121098
0.010492 -0.101500
0.002775 -0.075109
-0.003453 -0.047124
-0.006492 -0.022770
-0.005351 -0.006270
-0.000010 -0.000005
0.008533 -0.004056
0.018457 -0.016238
0.027512 -0.032636
0.033536 -0.048528
0.034964 -0.059501
0.031249 -0.062495
0.023080 -0.056571
0.012330 -0.043184
0.001752 -0.025916
-0.005546 -0.009699
-0.006756 0.000314
0.000008 0.000002
0.015238 -0.012678
0.037793 -0.037071
0.064964 -0.069772
0.092854 -0.105190
0.117012 -0.136641
0.133190 -0.157713
0.138110 -0.163639
0.130078 -0.152365
0.109331 -0.125075
0.078045 -0.086044
0.040007 -0.041834
0.000004 0.000000
-0.036964 0.032418
-0.066501 0.050315
-0.085515 0.051539
-0.092682 0.037296
-0.088571 0.011867
-0.075447 -0.018306
-0.056772 -0.045981
-0.036537 -0.064588
-0.018515 -0.069534
-0.005610 -0.059072
0.000593 -0.034546
-0.000000 0.000001
-0.006113 0.038749
-0.015482 0.075333
-0.025408 0.104112
-0.033347 0.121204
-0.037441 0.125074
-0.036861 0.116604
-0.031915 0.098652
-0.023906 0.075257
-0.014783 0.050690
-0.006671 0.028590
-0.001383 0.011374
-0.000005 -0.000004
-0.002684 -0.005913
-0.008621 -0.007617
-0.016277 -0.006707
-0.023738 -0.004608
-0.029170 -0.002249
-0.031253 0.000006
-0.029482 0.002180
-0.024280 0.004339
-0.016907 0.006233
-0.009168 0.007067
-0.003000 0.005516
-0.000004 0.000003
-0.001063 -0.010820
-0.006112 -0.027488
-0.014124 -0.049257
-0.023320 -0.073885
-0.031567 -0.097793
-0.036856 -0.116620
-0.037786 -0.126116
-0.033955 -0.123136
-0.026128 -0.106504
-0.016126 -0.077542
-0.006499 -0.040104
-0.000009 0.000002
0.000986 0.036072
-0.004899 0.061854
-0.017668 0.072910
-0.035783 0.067659
-0.056325 0.047843
-0.075446 0.018307
-0.089047 -0.013910
-0.093534 -0.040994
-0.086534 -0.055996
-0.067412 -0.054339
-0.037508 -0.034838
-0.000001 0.000000
0.040580 0.044456
0.079078 0.090761
0.110567 0.130726
0.131186 0.157440
0.138772 0.166677
0.133190 0.157714
0.116302 0.133386
0.091580 0.099354
0.063435 0.062800
0.036416 0.030831
0.014409 0.008958
0.000003 0.000003
-0.005870 0.003668
-0.003943 0.016816
0.003681 0.034393
0.014067 0.050758
0.024123 0.061086
0.031252 0.062499
0.033839 0.054697
0.031502 0.039936
0.025058 0.022394
0.016236 0.007085
0.007198 -0.001398
0.000003 -0.000000
-0.003867 0.012065
-0.003815 0.033133
-0.000221 0.059479
0.005706 0.086161
0.012267 0.108094
0.017702 0.121106
0.020628 0.122717
0.020357 0.112497
0.017033 0.091946
0.011565 0.063978
0.005370 0.032172
-0.000003 0.000001
-0.003263 -0.029764
-0.003697 -0.055349
-0.001333 -0.075932
0.003092 -0.091348
0.008329 -0.101648
0.012947 -0.106706
0.015723 -0.106015
0.015953 -0.098783
0.013613 -0.084260
0.009367 -0.062218
0.004381 -0.033438
0.000003 0.000000
-0.002606 0.034762
-0.002789 0.066668
-0.000584 0.091433
0.003282 0.105575
0.007591 0.107245
0.010971 0.096791
0.012310 0.076850
0.011128 0.051911
0.007796 0.027395
0.003548 0.008478
0.000255 -0.001113
0.000005 0.000001
0.004572 0.010478
0.014917 0.026531
0.030813 0.042805
0.050713 0.053704
0.071928 0.054834
0.091071 0.044196
0.104700 0.022856
0.110023 -0.005123
0.105523 -0.033494
0.091362 -0.055248
0.069434 -0.064297
0.043087 -0.057027
0.016536 -0.033353
-0.005921 0.003000
-0.020738 0.045106
-0.025814 0.084237
-0.020904 0.111739
-0.007677 0.120968
0.010607 0.108861
0.029735 0.076741
0.045352 0.030165
0.053796 -0.022179
0.052779 -0.070301
0.041790 -0.105060
0.022147 -0.120157
-0.003291 -0.113534
-0.030705 -0.087840
-0.056031 -0.049859
-0.075674 -0.009010
-0.087078 0.024715
-0.089078 0.042958
-0.081952 0.040841
-0.067219 0.018030
-0.047242 -0.021200
-0.024749 -0.068913
-0.002383 -0.115255
0.017661 -0.150590
0.033830 -0.167568
0.045257 -0.162680
0.051669 -0.136953
0.053243 -0.095659
0.050470 -0.047134
0.044067 -0.000982
0.034964 0.033931
0.024336 0.051255
0.013633 0.048338
0.004563 0.026605
-0.001024 -0.008927
-0.001380 -0.050836
0.004802 -0.090890
0.018006 -0.121700
0.037556 -0.138060
0.061459 -0.137724
0.086495 -0.121537
0.108568 -0.092942
0.123311 -0.057022
0.126872 -0.019354
0.116700 0.015052
0.092186 0.042548
0.055027 0.061207
0.009149 0.070754
-0.039816 0.072183
-0.085400 0.067227
-0.121409 0.057815
-0.143072 0.045694
-0.147946 0.032309
-0.136426 0.018862
-0.111738 0.006509
-0.079379 -0.003428
-0.046101 -0.009365
-0.018621 -0.009567
-0.002317 -0.002471
-0.000184 0.012836
-0.012271 0.036157
-0.035671 0.065866
-0.065115 0.098847
-0.094069 0.130774
-0.116086 0.156767
-0.126127 0.172255
-0.121618 0.173871
-0.103023 0.160239
-0.073760 0.132404
-0.039533 0.093779
-0.007218 0.049628
0.016511 0.006170
0.026514 -0.030559
0.020186 -0.055819
-0.002053 -0.067006
-0.036860 -0.064064
-0.078638 -0.049383
-0.120618 -0.027194
-0.156126 -0.002636
-0.179781 0.019333
-0.188366 0.034936
-0.181213 0.042254
-0.160068 0.041438
-0.128506 0.034451
-0.091048 0.024437
-0.052177 0.014843
-0.015480 0.008525
0.016866 0.007033
0.044197 0.010256
0.067065 0.016478
0.086626 0.022822
0.103903 0.025971
0.119145 0.022984
0.131442 0.012015
0.138718 -0.007225
0.138140 -0.033333
0.126863 -0.063451
0.102911 -0.093805
0.066015 -0.120393
0.018163 -0.139700
-0.036301 -0.149274
-0.091097 -0.148062
-0.138901 -0.136463
-0.172570 -0.116135
-0.186478 -0.089603
-0.177671 -0.059781
-0.146609 -0.029530
-0.097344 -0.001311
-0.037028 0.023035
0.025171 0.042345
0.079553 0.056071
0.117509 0.064172
0.133004 0.066995
0.123641 0.065181
0.091086 0.059599
0.040801 0.051329
-0.018880 0.041627
-0.078161 0.031858
-0.127445 0.023376
-0.158927 0.017366
-0.167842 0.014648
-0.153186 0.015502
-0.117786 0.019573
-0.067720 0.025866
-0.011247 0.032890
0.042594 0.038906
0.085448 0.042250
0.110929 0.041635
0.115501 0.036397
0.098873 0.026628
0.063859 0.013152
0.015778 -0.002655
-0.038511 -0.019145
-0.091744 -0.034697
-0.137346 -0.047964
-0.170321 -0.058020
-0.187834 -0.064397
-0.189422 -0.066990
-0.176816 -0.065865
-0.153442 -0.061084
-0.123721 -0.052574
-0.092275 -0.040113
-0.063173 -0.023436
-0.039340 -0.002454
-0.022205 0.022506
-0.011612 0.050497
-0.006010 0.079875
-0.002878 0.108396
0.000697 0.133487
0.007371 0.152666
0.018954 0.164017
0.035974 0.166594
0.057470 0.160653
0.081066 0.147646
0.103327 0.129948
0.120345 0.110380
0.128481 0.091619
0.125109 0.075634
0.109246 0.063305
0.081928 0.054294
0.046245 0.047241
0.006989 0.040220
-0.030043 0.031352
-0.058988 0.019435
-0.074943 0.004388
-0.074898 -0.012577
-0.058383 -0.029144
-0.027690 -0.042389
0.012411 -0.049494
0.055410 -0.048503
0.094157 -0.038905
0.122127 -0.021901
0.134611 -0.000268
0.129604 0.022175
0.108200 0.041378
0.074415 0.053972
0.034445 0.058043
-0.004487 0.053570
-0.035508 0.042394
-0.053418 0.027736
-0.055667 0.013347
-0.042811 0.002495
-0.018359 -0.002950
0.011983 -0.003078
0.041513 0.000008
0.063927 0.002701
0.074638 0.000860
0.071731 -0.008998
0.056346 -0.028561
0.032422 -0.056934
0.005866 -0.090441
-0.016692 -0.123151
-0.029322 -0.148020
-0.028062 -0.158402
-0.011760 -0.149644
0.017651 -0.120374
0.055508 -0.073135
0.095335 -0.014180
0.130127 0.047561
0.153697 0.102160
0.161843 0.140681
0.153077 0.157034
0.128781 0.149259
0.092785 0.119965
0.050476 0.075781
0.007644 0.025922
-0.030667 -0.019795
-0.061035 -0.053071
-0.082124 -0.068903
-0.094635 -0.066586
-0.100774 -0.049718
-0.103408 -0.025218
-0.105139 -0.001581
-0.107512 0.013237
-0.110568 0.013779
-0.112865 -0.001568
-0.111933 -0.030131
-0.105043 -0.065590
-0.090130 -0.099512
-0.066601 -0.123411
-0.035804 -0.130847
-0.001029 -0.119088
0.032974 -0.089872
0.060913 -0.049100
0.078091 -0.005529
0.081500 0.031259
0.070633 0.053121
0.047801 0.055310
0.017868 0.037655
-0.012580 0.004638
-0.036474 -0.035641
-0.047687 -0.073381
-0.042301 -0.099435
-0.019491 -0.107542
0.018200 -0.095890
0.065249 -0.067625
0.114145 -0.030172
0.156778 0.006515
0.185978 0.032362
0.196899 0.039665
0.187936 0.025050
0.161008 -0.009541
0.121179 -0.057114
0.075667 -0.107114
0.032457 -0.147801
-0.001201 -0.168962
-0.020126 -0.164342
-0.022115 -0.133207
-0.008266 -0.080646
0.017334 -0.016527
0.048464 0.046668
0.077984 0.096638
0.099162 0.124065
0.106853 0.124753
0.098325 0.100620
0.073597 0.059298
0.035280 0.012417
-0.012045 -0.027043
-0.062720 -0.047725
-0.111003 -0.042510
-0.151952 -0.010188
-0.182061 0.044200
-0.199556 0.110447
-0.204330 0.175410
-0.197615 0.225918
-0.181479 0.251670
-0.158296 0.247498
-0.130307 0.214488
-0.099354 0.159712
-0.066812 0.094664
-0.033695 0.032753
-0.000873 -0.013573
0.030694 -0.035419
0.059807 -0.029205
0.085010 0.002758
0.104711 0.052970
0.117426 0.110521
0.122081 0.163520
0.118304 0.201609
0.106601 0.218013
0.088392 0.210709
0.065854 0.182508
0.041618 0.140115
0.018362 0.092429
-0.001595 0.048535
-0.016636 0.015819
-0.026047 -0.001344
-0.030028 -0.002133
-0.029535 0.011010
-0.026003 0.033342
-0.020996 0.059161
-0.015870 0.083157
-0.011538 0.101432
-0.008387 0.112004
-0.006343 0.114742
-0.005056 0.110812
-0.004149 0.101883
-0.003460 0.089331
-0.003210 0.073727
-0.004026 0.054713
-0.006841 0.031311
-0.012645 0.002558
-0.022170 -0.031768
-0.035569 -0.070569
-0.052189 -0.111194
-0.070495 -0.149652
-0.088169 -0.181259
-0.102396 -0.201587
-0.110290 -0.207450
-0.109370 -0.197704
-0.098025 -0.173629
-0.075865 -0.138780
-0.043897 -0.098308
-0.004465 -0.057915
0.039011 -0.022720
0.082444 0.003737
0.121581 0.020101
0.152524 0.027282
0.172183 0.027981
0.178595 0.025821
0.171104 0.024298
0.150375 0.025812
0.118267 0.031047
0.077624 0.038849
0.032005 0.046592
-0.014627 0.050961
-0.058223 0.048931
-0.094957 0.038683
-0.121539 0.020201
-0.135512 -0.004577
-0.135522 -0.032123
-0.121531 -0.058083
-0.094927 -0.078270
-0.058494 -0.089618
-0.016208 -0.090869
0.027162 -0.082823
0.066629 -0.068110
0.097652 -0.050546
0.116816 -0.034236
0.122415 -0.022664
0.114794 -0.018001
0.096374 -0.020775
0.071318 -0.029954
0.044869 -0.043403
0.022458 -0.058569
0.008711 -0.073176
0.006557 -0.085753
0.016618 -0.095836
0.037009 -0.103834
0.063606 -0.110617
0.090763 -0.116948
0.112358 -0.122992
0.122953 -0.128042
0.118859 -0.130570
0.098904 -0.128606
0.064723 -0.120369
0.020510 -0.104942
-0.027720 -0.082797
-0.073228 -0.055991
-0.109777 -0.027916
-0.132732 -0.002654
-0.139835 0.015936
-0.131504 0.025179
-0.110581 0.024341
-0.081625 0.014941
-0.049896 0.000527
-0.020256 -0.014080
0.003769 -0.023943
0.020556 -0.025244
0.030493 -0.016316
0.035625 0.001795
0.038915 0.025423
0.043320 0.049061
0.050939 0.066645
0.062393 0.073045
0.076611 0.065441
0.091075 0.044203
0.102456 0.013037
0.107470 -0.021667
0.103782 -0.052170
0.090685 -0.071129
0.069427 -0.073335
0.043067 -0.057035
0.015902 -0.024523
-0.007420 0.018193
-0.022885 0.062574
-0.027989 0.099333
-0.022320 0.120452
-0.007676 0.120973
0.012304 0.100128
0.032886 0.061553
0.049221 0.012534
0.057337 -0.037549
0.054931 -0.079246
0.041794 -0.105060
0.019804 -0.111032
-0.007521 -0.097538
-0.035782 -0.069123
-0.060593 -0.033409
-0.078402 0.000639
-0.087077 0.024711
-0.086151 0.032949
-0.076699 0.023150
-0.060927 -0.002858
-0.041589 -0.039736
-0.021366 -0.079903
-0.002395 -0.115257
0.013970 -0.138933
0.027154 -0.146690
0.037169 -0.137674
0.044287 -0.114415
0.048727 -0.082065
0.050475 -0.047138
0.049269 -0.016045
0.044757 0.006229
0.036785 0.017032
0.025694 0.016335
0.012515 0.006417
-0.001030 -0.008926
-0.012745 -0.025434
-0.020371 -0.039417
-0.022127 -0.048523
-0.017216 -0.052072
-0.006160 -0.050908
0.009153 -0.046880
0.025722 -0.042110
0.039984 -0.038247
0.048542 -0.035935
0.048904 -0.034617
0.040048 -0.032719
0.022683 -0.028144
-0.000871 -0.018942
-0.027178 -0.003963
-0.052433 0.016677
-0.073288 0.041457
-0.087547 0.067651
-0.094560 0.091823
-0.095241 0.110504
-0.091666 0.120889
-0.086375 0.121383
-0.081562 0.111872
-0.078370 0.093695
-0.076485 0.069313
-0.074164 0.041781
-0.068713 0.014160
-0.057295 -0.011012
-0.037895 -0.032085
-0.010183 -0.048424
0.023988 -0.060326
0.060586 -0.068764
0.093967 -0.075048
0.117933 -0.080479
0.127043 -0.086089
0.117900 -0.092496
0.090101 -0.099866
0.046607 -0.107970
-0.006583 -0.116276
-0.061418 -0.124036
-0.109249 -0.130380
-0.142487 -0.134389
-0.156079 -0.135141
-0.148479 -0.131804
-0.121927 -0.123760
-0.081945 -0.110780
-0.036183 -0.093202
0.007139 -0.072085
0.040838 -0.049237
0.060112 -0.027094
0.063305 -0.008440
0.051932 0.004015
0.030019 0.008167
0.002933 0.003005
-0.023997 -0.011042
-0.046751 -0.032008
-0.063439 -0.056593
-0.074514 -0.080681
-0.082349 -0.100076
-0.090294 -0.111307
-0.101462 -0.112350
-0.117575 -0.103116
-0.138210 -0.085560
-0.160607 -0.063367
-0.180132 -0.041283
-0.191304 -0.024205
-0.189134 -0.016194
-0.170446 -0.019645
-0.134877 -0.034795
-0.085300 -0.059619
-0.027497 -0.090167
0.030821 -0.121289
0.081451 -0.147574
0.117303 -0.164293
0.133806 -0.168211
0.129786 -0.158097
0.107638 -0.134835
0.072773 -0.101171
0.032439 -0.061179
-0.005812 -0.019548
-0.035650 0.019148
-0.053170 0.051074
-0.057521 0.073550
-0.050838 0.085256
-0.037522 0.086216
-0.023061 0.077619
-0.012687 0.061548
-0.010172 0.040685
-0.017017 0.018010
-0.032219 -0.003488
-0.052637 -0.021095
-0.073828 -0.032652
-0.091133 -0.036830
-0.100766 -0.033382
-0.100635 -0.023287
-0.090710 -0.008745
-0.072904 0.007049
-0.050495 0.020365
-0.027273 0.027603
-0.006636 0.026057
0.009149 0.014650
0.019354 -0.005558
0.024778 -0.031250
0.027328 -0.057193
0.029343 -0.077057
0.032837 -0.084592
0.038851 -0.074967
0.047084 -0.045964
0.055909 0.001228
0.062719 0.061836
0.064559 0.128103
0.058886 0.190530
0.044255 0.239595
0.020760 0.267603
-0.009826 0.270296
-0.044266 0.247822
-0.078395 0.204848
-0.107827 0.149763
-0.128691 0.093068
-0.138260 0.045297
-0.135354 0.014891
-0.120449 0.006491
-0.095517 0.020019
-0.063633 0.050765
-0.028457 0.090457
0.006285 0.129097
0.037265 0.157168
0.061896 0.167707
0.078518 0.157762
0.086430 0.128956
0.085840 0.087000
0.077750 0.040274
0.063784 -0.002189
0.046006 -0.032826
0.026737 -0.047287
0.008353 -0.045413
-0.006946 -0.031189
-0.017362 -0.011706
-0.021709 0.004637
-0.019557 0.010248
-0.011271 0.000255
0.002054 -0.026229
0.018772 -0.065781
0.036998 -0.111377
0.054961 -0.153995
0.071296 -0.184715
0.085250 -0.196803
0.096727 -0.187302
0.106164 -0.157765
0.114243 -0.113928
0.121537 -0.064397
0.128184 -0.018687
0.133674 0.014961
0.136845 0.031441
0.136087 0.029909
0.129749 0.013898
0.116652 -0.009606
0.096547 -0.031908
0.070417 -0.044735
0.040505 -0.042257
0.010025 -0.022533
-0.017407 0.011989
-0.038505 0.054996
-0.051060 0.097766
-0.054512 0.131211
-0.050161 0.148020
-0.040962 0.144373
-0.030940 0.120877
-0.024288 0.082484
-0.024362 0.037403
-0.032836 -0.004722
-0.049190 -0.034940
-0.070681 -0.046962
-0.092875 -0.038512
-0.110604 -0.011753
-0.119139 0.027283
-0.115346 0.070095
-0.098534 0.107634
-0.070775 0.132298
-0.036599 0.139539
-0.002126 0.128740
0.026219 0.103210
0.043093 0.069291
0.045418 0.034851
0.033086 0.007503
0.009010 -0.007031
-0.021500 -0.006059
-0.051902 0.009658
-0.075879 0.036252
-0.088738 0.067773
-0.088410 0.097565
-0.075852 0.119688
-0.054741 0.130082
-0.030512 0.127220
-0.008987 0.112135
0.005057 0.087913
0.009066 0.058795
0.003324 0.029168
-0.009153 0.002669
-0.023410 -0.018382
-0.033855 -0.033152
-0.035775 -0.042074
-0.026647 -0.046355
-0.006950 -0.047420
0.019764 -0.046451
0.047558 -0.044178
0.069422 -0.040923
0.078914 -0.036855
0.071762 -0.032341
0.047034 -0.028232
0.007558 -0.025948
-0.040504 -0.027254
-0.088834 -0.033775
-0.128660 -0.046371
-0.152592 -0.064570
-0.156206 -0.086234
-0.138998 -0.107607
-0.104459 -0.123817
-0.059287 -0.129829
-0.011937 -0.121615
0.029199 -0.097271
0.057570 -0.057834
0.069768 -0.007538
0.066097 0.046632
0.050295 0.096051
0.028469 0.132025
0.007525 0.147561
-0.006523 0.138912
-0.009972 0.106561
-0.002247 0.055379
0.014069 -0.006104
0.033979 -0.067221
0.051407 -0.117164
0.060805 -0.147078
0.058617 -0.151794
0.044266 -0.130826
0.020421 -0.088435
-0.007542 -0.032726
-0.032740 0.026040
-0.048363 0.077546
-0.049286 0.113468
-0.033327 0.129065
-0.001861 0.123979
0.040368 0.102067
0.086172 0.070349
0.127394 0.037326
0.156582 0.011047
0.168513 -0.002631
0.161209 -0.001219
0.136252 0.014047
0.098332 0.038693
0.054153 0.066221
0.010966 0.089727
-0.024935 0.103528
-0.049435 0.104409
-0.061282 0.092240
-0.062077 0.069840
-0.055618 0.042126
-0.046785 0.014781
-0.040237 -0.007185
-0.039232 -0.020653
-0.044828 -0.025090
-0.055658 -0.022563
-0.068300 -0.017079
-0.078155 -0.013431
-0.080598 -0.015864
-0.072163 -0.026872
-0.051464 -0.046446
-0.019647 -0.071950
0.019730 -0.098682
0.061315 -0.120975
0.098992 -0.133547
0.127063 -0.132805
0.141350 -0.117769
0.139955 -0.090391
0.123585 -0.055174
0.095355 -0.018214
0.060128 0.014141
0.023553 0.036687
-0.008993 0.046509
-0.033334 0.043570
-0.047151 0.030639
-0.050235 0.012578
-0.044318 -0.004837
-0.032550 -0.016268
-0.018737 -0.018035
-0.006519 -0.008912
0.001356 0.009665
0.003505 0.034039
0.000097 0.059268
-0.007304 0.080332
-0.016174 0.093311
-0.023627 0.096247
-0.027070 0.089490
-0.024781 0.075448
-0.016297 0.057836
-0.002544 0.040613
0.014308 0.026889
0.031239 0.018091
0.044962 0.013585
0.052545 0.010864
0.052000 0.006272
0.042720 -0.003928
0.025663 -0.022425
0.003243 -0.049938
-0.021063 -0.084734
-0.043342 -0.122762
-0.059994 -0.158343
-0.068473 -0.185313
-0.067876 -0.198334
-0.059246 -0.194088
-0.045512 -0.172067
-0.031039 -0.134774
-0.020837 -0.087277
-0.019546 -0.036227
-0.030391 0.011458
-0.054307 0.049949
-0.089418 0.075587
-0.131016 0.087473
-0.172109 0.087439
-0.204467 0.079427
-0.220016 0.068428
-0.212367 0.059232
-0.178168 0.055300
-0.118024 0.057993
-0.036761 0.066330
0.057036 0.077317
0.152194 0.086761
0.236660 0.090373
0.299463 0.084880
0.332562 0.068905
0.332268 0.043407
0.299942 0.011584
0.241842 -0.021722
0.168115 -0.050995
0.091109 -0.071180
0.023280 -0.078718
-0.024899 -0.072268
-0.046669 -0.052996
-0.040064 -0.024357
-0.008119 0.008557
0.041807 0.039959
0.099437 0.064397
0.153473 0.077682
0.193596 0.077539
0.212229 0.063883
0.205742 0.038737
0.174940 0.005791
0.124733 -0.030267
0.063100 -0.064485
-0.000409 -0.092339
-0.056344 -0.110289
-0.096929 -0.116142
-0.117225 -0.109199
-0.115749 -0.090214
-0.094454 -0.061220
-0.058148 -0.025249
-0.013494 0.013991
0.032192 0.052477
0.072134 0.086235
0.101070 0.111699
0.115872 0.126062
0.115769 0.127586
0.102189 0.115830
0.078288 0.091756
0.048305 0.057693
0.016847 0.017120
-0.011755 -0.025707
-0.033963 -0.066251
-0.047371 -0.100243
-0.050858 -0.124194
-0.044578 -0.135813
-0.029822 -0.134236
-0.008803 -0.120046
0.015640 -0.095091
0.040376 -0.062156
0.062321 -0.024556
0.078779 0.014285
0.087764 0.051181
0.088248 0.083423
0.080324 0.108903
0.065233 0.126142
0.045224 0.134249
0.023256 0.132896
0.002578 0.122316
-0.013767 0.103322
-0.023441 0.077350
-0.025219 0.046485
-0.019216 0.013404
-0.006897 -0.018794
0.009153 -0.046880
0.025667 -0.067889
0.039258 -0.079551
0.047013 -0.080661
0.047008 -0.071320
0.038635 -0.052962
0.022681 -0.028149
0.001136 -0.000143
-0.023208 0.027651
-0.047291 0.052258
-0.068358 0.071595
-0.084425 0.084722
-0.094560 0.091832
-0.098913 0.093973
-0.098508 0.092595
-0.094841 0.089038
-0.089390 0.084091
-0.083177 0.077759
-0.076476 0.069311
-0.068737 0.057595
-0.058768 0.041526
-0.045153 0.020610
-0.026786 -0.004632
-0.003412 -0.032508
0.023983 -0.060329
0.053029 -0.084911
0.080154 -0.103286
0.101097 -0.113470
0.111651 -0.115062
0.108517 -0.109499
0.090115 -0.099862
0.057142 -0.090247
0.012753 -0.084800
-0.037703 -0.086644
-0.087392 -0.096940
-0.129027 -0.114364
-0.156081 -0.135142
-0.163937 -0.153703
-0.150779 -0.163832
-0.118032 -0.160103
-0.070257 -0.139251
-0.014496 -0.101163
0.040832 -0.049240
0.087286 0.010035
0.117803 0.068251
0.127879 0.116714
0.116307 0.148253
0.085364 0.158776
0.040405 0.148217
-0.011065 0.120618
-0.060673 0.083328
-0.100570 0.045436
-0.124727 0.015786
-0.129879 0.001025
-0.115972 0.004109
-0.086052 0.023594
-0.045652 0.053920
-0.001782 0.086626
0.038280 0.112231
0.068187 0.122368
0.083500 0.111704
0.082304 0.079197
0.065382 0.028429
0.035944 -0.033088
-0.001014 -0.095457
-0.039579 -0.148448
-0.073875 -0.183615
-0.098935 -0.195998
-0.111386 -0.185038
-0.109837 -0.154532
-0.094959 -0.111650
-0.069266 -0.065268
-0.036670 -0.024019
-0.001871 0.005508
0.030309 0.020008
0.055566 0.019882
0.070649 0.008786
0.073739 -0.007525
0.064658 -0.022773
0.044858 -0.031767
0.017191 -0.031625
-0.014479 -0.022334
-0.045799 -0.006566
-0.072530 0.011182
-0.091150 0.025893
-0.099361 0.033414
-0.096437 0.031574
-0.083325 0.020757
-0.062475 0.003788
-0.037424 -0.014833
-0.012175 -0.030112
0.009523 -0.037872
0.024859 -0.035848
0.032480 -0.024282
0.032736 -0.005858
0.027592 0.014975
0.020199 0.033147
0.014225 0.044262
0.013046 0.045722
0.018990 0.037385
0.032799 0.021606
0.053431 0.002612
0.078239 -0.014602
0.103517 -0.025570
0.125309 -0.027536
0.140272 -0.020212
0.146405 -0.005899
0.143479 0.011066
0.133037 0.025395
0.117965 0.032236
0.101717 0.028484
0.087383 0.013722
0.076823 -0.009474
0.070089 -0.035949
0.065309 -0.059023
0.059092 -0.071952
0.047393 -0.069472
0.026640 -0.049068
-0.005119 -0.011675
-0.047344 0.038352
-0.096657 0.093990
-0.147143 0.146860
-0.191292 0.188823
-0.221423 0.213492
-0.231302 0.217362
-0.217606 0.200329
-0.180884 0.165520
-0.125761 0.118494
-0.060321 0.066027
0.005268 0.014772
0.060629 -0.029915
0.097177 -0.064753
0.109798 -0.088789
0.097882 -0.103113
0.065441 -0.110166
0.020289 -0.112851
-0.027555 -0.113663
-0.067915 -0.114076
-0.092533 -0.114282
-0.096721 -0.113329
-0.080234 -0.109586
-0.047216 -0.101378
-0.005215 -0.087599
0.036508 -0.068168
0.068971 -0.044197
0.085352 -0.017836
0.082346 0.008127
0.060698 0.030816
0.024852 0.047841
-0.018170 0.057719
-0.060409 0.060069
-0.094734 0.055565
-0.116297 0.045691
-0.123380 0.032357
-0.117472 0.017494
-0.102607 0.002744
-0.084140 -0.010713
-0.067300 -0.022163
-0.055892 -0.031237
-0.051451 -0.037738
-0.053043 -0.041486
-0.057733 -0.042256
-0.061585 -0.039837
-0.060897 -0.034177
-0.053342 -0.025569
-0.038703 -0.014805
-0.019015 -0.003203
0.001934 0.007524
0.019619 0.015563
0.030024 0.019411
0.030820 0.018292
0.022113 0.012483
0.006593 0.003444
-0.011008 -0.006332
-0.025028 -0.013726
-0.030299 -0.015597
-0.023499 -0.009464
-0.004118 0.005873
0.025233 0.029923
0.059277 0.060419
0.091201 0.093595
0.114211 0.124771
0.123142 0.149168
0.115741 0.162759
0.093294 0.163005
0.060431 0.149338
0.024147 0.123275
-0.007749 0.088149
-0.028419 0.048521
-0.033580 0.009402
-0.022506 -0.024569
0.001774 -0.049837
0.033146 -0.064403
0.063790 -0.067984
0.085959 -0.061875
0.093718 -0.048555
0.084274 -0.031141
0.058561 -0.012833
0.020956 0.003563
-0.021797 0.015971
-0.062176 0.023182
-0.093617 0.024823
-0.111969 0.021199
-0.116336 0.013073
-0.109100 0.001451
-0.095154 -0.012583
-0.080536 -0.027968
-0.070810 -0.043701
-0.069617 -0.058824
-0.077724 -0.072409
-0.092844 -0.083563
-0.110247 -0.091470
-0.124017 -0.095457
-0.128631 -0.095078
-0.120469 -0.090201
-0.098879 -0.081076
-0.066530 -0.068341
-0.028937 -0.052989
0.006731 -0.036283
0.033268 -0.019650
0.045104 -0.004549
0.039626 0.007653
0.017811 0.015798
-0.015971 0.019063
-0.054930 0.017077
-0.091388 0.010012
-0.118511 -0.001340
-0.131808 -0.015554
-0.130072 -0.030642
-0.115512 -0.044211
-0.093070 -0.053749
-0.069087 -0.057010
-0.049664 -0.052449
-0.039108 -0.039621
-0.038862 -0.019450
-0.047163 0.005716
-0.059522 0.032320
-0.069931 0.056091
-0.072486 0.072770
-0.063029 0.078937
-0.040404 0.072774
-0.007030 0.054607
0.031419 0.027061
0.067142 -0.005264
0.091899 -0.036560
0.098903 -0.060904
0.084485 -0.073477
0.049124 -0.071668
-0.002389 -0.055768
-0.061711 -0.029105
-0.118492 0.002482
-0.162379 0.031762
-0.185045 0.051621
-0.181836 0.056651
-0.152675 0.044486
-0.102043 0.016538
-0.038075 -0.022046
0.029042 -0.063237
0.089048 -0.097688
0.133521 -0.116684
0.157350 -0.114070
0.159511 -0.087727
0.143026 -0.040272
0.114126 0.021226
0.080867 0.086513
0.051502 0.144132
0.032912 0.183742
0.029428 0.198297
0.042228 0.185578
0.069349 0.148740
0.106263 0.095754
0.146851 0.037822
0.184549 -0.012925
0.213413 -0.045948
0.228949 -0.054484
0.228600 -0.036947
0.211858 0.002782
0.180084 0.056228
0.136111 0.112187
0.083771 0.159167
0.027438 0.187867
-0.028347 0.193148
-0.079190 0.175071
-0.121077 0.138791
-0.150567 0.093315
-0.165009 0.049401
-0.162796 0.017095
-0.143608 0.003473
-0.108596 0.011052
-0.060456 0.037250
-0.003317 0.075017
0.057584 0.114465
0.116432 0.145147
0.167504 0.158460
0.205890 0.149632
0.228136 0.118848
0.232705 0.071252
0.220137 0.015838
0.192895 -0.036502
0.154940 -0.075353
0.111099 -0.093044
0.066332 -0.086328
0.025038 -0.057055
-0.009464 -0.011760
-0.035223 0.039762
-0.051683 0.086558
-0.059463 0.118826
-0.059991 0.129948
-0.055062 0.117793
-0.046429 0.085058
-0.035501 0.038569
-0.023212 -0.012248
-0.010041 -0.057379
0.003852 -0.088260
0.018430 -0.099436
0.033567 -0.089489
0.048890 -0.061072
0.063711 -0.020104
0.077055 0.025667
0.087772 0.068365
0.094696 0.101568
0.096797 0.121463
0.093341 0.127348
0.084022 0.121421
0.069048 0.107943
0.049172 0.092034
0.025696 0.078398
0.000423 0.070257
-0.024438 0.068731
-0.046420 0.072743
-0.063017 0.079441
-0.071975 0.084979
-0.071627 0.085485
-0.061211 0.077940
-0.041160 0.060793
-0.013253 0.034224
0.019419 0.000002
0.052701 -0.038962
0.081836 -0.079219
0.102136 -0.117397
0.109729 -0.150698
0.102265 -0.177178
0.079452 -0.195788
0.043298 -0.206239
-0.002030 -0.208765
-0.050709 -0.203893
-0.096107 -0.192313
-0.131816 -0.174864
-0.152709 -0.152609
-0.155805 -0.126967
-0.140806 -0.099803
-0.110176 -0.073383
-0.068738 -0.050194
-0.022878 -0.032602
0.020520 -0.022411
0.055238 -0.020436
0.076736 -0.026227
0.082839 -0.038018
0.073985 -0.052927
0.053022 -0.067439
0.024572 -0.078064
-0.005892 -0.082026
-0.033061 -0.077842
-0.052722 -0.065647
-0.062426 -0.047181
-0.061780 -0.025435
-0.052348 -0.004034
-0.037208 0.013533
-0.020245 0.024647
-0.005353 0.028082
0.004285 0.024204
0.006718 0.014823
0.001485 0.002734
-0.010427 -0.008955
-0.026882 -0.017547
-0.045090 -0.021336
-0.062159 -0.019911
-0.075592 -0.014133
-0.083664 -0.005797
-0.085624 0.002936
-0.081689 0.010188
-0.072869 0.014910
-0.060702 0.017195
-0.046920 0.018279
-0.033146 0.020203
-0.020671 0.025237
-0.010320 0.035210
-0.002419 0.050893
0.003139 0.071611
0.006782 0.095197
0.009135 0.118272
0.010871 0.136820
0.012604 0.146949
0.014819 0.145641
0.017830 0.131331
0.021765 0.104213
0.026585 0.066206
0.032120 0.020599
0.038104 -0.028520
0.044236 -0.076917
0.050236 -0.120811
0.055892 -0.157289
0.061093 -0.184486
0.065843 -0.201535
0.070225 -0.208347
0.074347 -0.205327
0.078264 -0.193156
0.081874 -0.172694
0.084840 -0.145048
0.086538 -0.111757
0.086088 -0.074995
0.082467 -0.037704
0.074685 -0.003536
0.062017 0.023493
0.044262 0.039585
0.021960 0.041890
-0.003507 0.029262
-0.029924 0.002823
-0.054432 -0.033853
-0.073900 -0.075021
-0.085387 -0.113517
-0.086656 -0.141920
-0.076647 -0.153916
-0.055821 -0.145565
-0.026276 -0.116230
0.008396 -0.068918
0.043519 -0.009926
0.073981 0.052181
0.095006 0.108092
0.102936 0.149479
0.095889 0.170610
0.074179 0.169479
0.040407 0.148214
-0.000835 0.112653
-0.043607 0.071168
-0.081509 0.032958
-0.108694 0.006133
-0.120856 -0.003967
-0.115975 0.004111
-0.094723 0.027612
-0.060435 0.060144
-0.018637 0.093032
0.023830 0.117149
0.059908 0.124864
0.083498 0.111698
0.090512 0.077325
0.079589 0.025705
0.052368 -0.035657
0.013257 -0.097193
-0.031293 -0.149174
-0.073867 -0.183613
-0.107339 -0.195801
-0.126102 -0.185160
-0.127046 -0.155203
-0.110077 -0.112687
-0.078135 -0.066133
-0.036675 -0.024026
0.007317 0.006902
0.046565 0.022910
0.074773 0.023801
0.087701 0.012685
0.083856 -0.004974
0.064671 -0.022773
0.034142 -0.034944
-0.002006 -0.037701
-0.037453 -0.030041
-0.066476 -0.013870
-0.084974 0.006580
-0.091154 0.025886
-0.085703 0.038842
-0.071469 0.041782
-0.052723 0.033539
-0.034148 0.015787
-0.019787 -0.007318
-0.012175 -0.030112
-0.011843 -0.046778
-0.017275 -0.052770
-0.025339 -0.045963
-0.032083 -0.027252
-0.033702 -0.000437
-0.027462 0.028563
-0.012392 0.053021
0.010405 0.066933
0.037921 0.066459
0.065862 0.050884
0.089543 0.022876
0.104865 -0.012008
0.109182 -0.046475
0.101866 -0.073079
0.084415 -0.085890
0.060108 -0.081843
0.033277 -0.061498
0.008342 -0.028996
-0.011132 0.008780
-0.023189 0.043653
-0.027859 0.067919
-0.027067 0.076046
-0.024080 0.065907
-0.022664 0.039261
-0.026114 0.001409
-0.036370 -0.039930
-0.053437 -0.076303
-0.075273 -0.100377
-0.098137 -0.107546
-0.117376 -0.096955
-0.128446 -0.071702
-0.127973 -0.038157
-0.114594 -0.004554
-0.089395 0.020845
-0.055821 0.031600
-0.019086 0.024556
0.014836 0.000592
0.040416 -0.035503
0.053741 -0.076041
0.053365 -0.112081
0.040678 -0.135353
0.019708 -0.140052
-0.003632 -0.124107
-0.022705 -0.089635
-0.031491 -0.042498
-0.025836 0.008943
-0.004360 0.055596
0.031154 0.089545
0.076002 0.105668
0.123349 0.102602
0.165427 0.082891
0.194933 0.052300
0.206363 0.018426
0.196988 -0.011046
0.167313 -0.030021
0.120970 -0.035250
0.064050 -0.026901
0.004016 -0.008323
-0.051583 0.014916
-0.096343 0.036464
-0.125979 0.050738
-0.138878 0.054247
-0.136123 0.046357
-0.121048 0.029322
-0.098450 0.007602
-0.073619 -0.013333
-0.051363 -0.028422
-0.035240 -0.034318
-0.027118 -0.030210
-0.027098 -0.017993
-0.033782 -0.001744
-0.044815 0.013381
-0.057518 0.022539
-0.069490 0.022513
-0.079073 0.012614
-0.085559 -0.005040
-0.089134 -0.025990
-0.090613 -0.044551
-0.091056 -0.055267
-0.091343 -0.054382
-0.091860 -0.040965
-0.092361 -0.017342
-0.092023 0.011268
-0.089685 0.037860
-0.084219 0.055264
-0.074918 0.057907
-0.061805 0.043288
-0.045781 0.012802
-0.028562 -0.028335
-0.012418 -0.072050
0.000235 -0.109102
0.007337 -0.131108
0.007635 -0.132483
0.001000 -0.111809
-0.011462 -0.072311
-0.027510 -0.021309
-0.044105 0.031239
-0.057914 0.074827
-0.065867 0.100670
-0.065675 0.103616
-0.056214 0.083289
-0.037721 0.044197
-0.011762 -0.005228
0.019004 -0.054441
0.051235 -0.093058
0.081391 -0.113089
0.106215 -0.110638
0.123129 -0.086670
0.130519 -0.046707
0.127867 0.000481
0.115732 0.044879
0.095626 0.077482
0.069807 0.092271
0.041037 0.087493
0.012333 0.065954
-0.013275 0.034274
-0.032985 0.001294
-0.044446 -0.023981
-0.045982 -0.034454
-0.036800 -0.026540
-0.017184 -0.000956
0.011390 0.037478
0.046249 0.080951
0.083671 0.120413
0.119209 0.147561
0.148162 0.156621
0.166191 0.145537
0.169971 0.116304
0.157780 0.074426
0.129923 0.027650
0.088888 -0.015731
0.039160 -0.048587
-0.013304 -0.066296
-0.061862 -0.067457
-0.100149 -0.053850
-0.123048 -0.029713
-0.127501 -0.000549
-0.113027 0.028221
-0.081827 0.052442
-0.038451 0.069955
0.010923 0.080759
0.059468 0.086583
0.100776 0.090062
0.129825 0.093740
0.143679 0.099196
0.141799 0.106503
0.125919 0.114173
0.099527 0.119591
0.067086 0.119796
0.033148 0.112394
0.001529 0.096367
-0.025253 0.072552
-0.046211 0.043632
-0.061775 0.013654
-0.073365 -0.012795
-0.082768 -0.031595
-0.091503 -0.040022
-0.100319 -0.037359
-0.108938 -0.025063
-0.116129 -0.006454
-0.120072 0.014008
-0.118933 0.031680
-0.111492 0.042691
-0.097668 0.044699
-0.078793 0.037264
-0.057532 0.021793
-0.037472 0.001093
-0.022408 -0.021335
-0.015504 -0.042090
-0.018517 -0.058541
-0.031255 -0.069237
-0.051418 -0.073992
-0.074896 -0.073653
-0.096494 -0.069662
-0.110945 -0.063538
-0.114016 -0.056448
-0.103477 -0.048969
-0.079717 -0.041092
-0.045850 -0.032446
-0.007271 -0.022650
0.029298 -0.011639
0.057097 0.000112
0.070706 0.011570
0.067206 0.021334
0.046923 0.028020
0.013560 0.030679
-0.026344 0.029130
-0.064552 0.024114
-0.092645 0.017191
-0.103643 0.010374
-0.093433 0.005607
-0.061688 0.004215
-0.012108 0.006478
0.048088 0.011471
0.109340 0.017241
0.161407 0.021293
0.195168 0.021261
0.204245 0.015630
0.186149 0.004285
0.142743 -0.011262
0.079913 -0.028080
0.006543 -0.042441
-0.067054 -0.050722
-0.130904 -0.050364
-0.177012 -0.040688
-0.200602 -0.023331
-0.200737 -0.002135
-0.180196 0.017518
-0.144683 0.029806
-0.101563 0.029780
-0.058364 0.014621
-0.021370 -0.015489
0.005428 -0.057072
0.020833 -0.103765
0.026328 -0.147366
0.025399 -0.179344
0.022482 -0.192488
0.021774 -0.182382
0.026160 -0.148367
0.036504 -0.093791
0.051465 -0.025484
0.067820 0.047414
0.081235 0.115074
0.087303 0.168706
0.082628 0.202042
0.065680 0.212280
0.037253 0.200339
0.000407 0.170419
-0.040042 0.128982
-0.078423 0.083366
-0.109303 0.040374
-0.128507 0.005114
-0.133877 -0.019714
-0.125619 -0.033969
-0.106167 -0.039664
-0.079587 -0.040158
-0.050683 -0.039194
-0.024024 -0.039945
-0.003047 -0.044306
0.010531 -0.052577
0.016903 -0.063544
0.017909 -0.074915
0.016429 -0.083969
0.015542 -0.088258
0.017686 -0.086182
0.023993 -0.077344
0.033954 -0.062626
0.045488 -0.043981
0.055399 -0.024036
0.060139 -0.005587
0.056675 0.008882
0.043297 0.017581
0.020176 0.019645
-0.010460 0.015192
-0.044578 0.005231
-0.076982 -0.008523
-0.102210 -0.023887
-0.115534 -0.038481
-0.113852 -0.049977
-0.096321 -0.056336
-0.064584 -0.056015
-0.022561 -0.048147
0.024153 -0.032689
0.069189 -0.010497
0.106417 0.016685
0.130916 0.046348
0.139719 0.075494
0.132233 0.101006
0.110265 0.120091
0.077665 0.130725
0.039677 0.132015
0.002112 0.124374
-0.029546 0.109492
-0.050910 0.090095
-0.059255 0.069481
-0.053832 0.050951
-0.035891 0.037279
-0.008392 0.030292
0.024482 0.030629
0.057938 0.037761
0.087254 0.050247
0.108423 0.066119
0.118671 0.083313
0.116807 0.100053
0.103374 0.115068
0.080578 0.127622
0.052022 0.137366
0.022244 0.144070
-0.003879 0.147383
-0.021768 0.146686
-0.027778 0.141118
-0.019739 0.129789
0.002658 0.112148
0.037724 0.088398
0.081900 0.059813
0.130164 0.028843
0.176680 -0.001095
0.215594 -0.026124
0.241891 -0.042640
0.252168 -0.048112
0.245204 -0.041762
0.222214 -0.024935
0.186732 -0.001021
0.144110 0.025093
0.100715 0.047943
0.062902 0.062616
0.035952 0.065829
0.023174 0.056696
0.025288 0.036961
0.040233 0.010640
0.063447 -0.016869
0.088629 -0.040042
0.108809 -0.054572
0.117597 -0.058438
0.110380 -0.052450
0.085272 -0.040125
0.043588 -0.026875
-0.010211 -0.018668
-0.069135 -0.020474
-0.124746 -0.034892
-0.168551 -0.061277
-0.193438 -0.095629
-0.194931 -0.131300
-0.172014 -0.160411
-0.127388 -0.175652
-0.067087 -0.172069
0.000481 -0.148413
0.065884 -0.107700
0.120196 -0.056791
0.156431 -0.005078
0.170624 0.037469
0.162346 0.062484
0.134611 0.065110
0.093165 0.045181
0.045321 0.007405
-0.001439 -0.039534
-0.040807 -0.084751
-0.068702 -0.117477
-0.083826 -0.129362
-0.087657 -0.116284
-0.083871 -0.079217
-0.077345 -0.024000
-0.072954 0.039946
-0.074437 0.101665
-0.083555 0.151013
-0.099703 0.180774
-0.120060 0.188061
-0.140226 0.174702
-0.155191 0.146555
-0.160437 0.111918
-0.152915 0.079427
-0.131723 0.055957
-0.098312 0.045018
-0.056206 0.046010
-0.010317 0.054492
0.033986 0.063390
0.071838 0.064864
0.099696 0.052342
0.115805 0.022266
0.120268 -0.024888
0.114717 -0.084534
0.101708 -0.148859
0.083990 -0.208461
0.063854 -0.254334
0.042722 -0.279759
0.021047 -0.281677
-0.001452 -0.261212
-0.025302 -0.223298
-0.050694 -0.175498
-0.076996 -0.126320
-0.102492 -0.083426
-0.124459 -0.052159
-0.139605 -0.034685
-0.144753 -0.029909
-0.137655 -0.034137
-0.117703 -0.042244
-0.086338 -0.049058
-0.047057 -0.050621
-0.004969 -0.045002
0.034044 -0.032517
0.064424 -0.015363
0.081997 0.003178
0.084830 0.019756
0.073666 0.031855
0.051814 0.038367
0.024516 0.039713
-0.002075 0.037498
-0.022118 0.033826
-0.031258 0.030535
-0.027459 0.028565
-0.011363 0.027650
0.013905 0.026451
0.043449 0.023067
0.071655 0.015788
0.093354 0.003857
0.104859 -0.012007
0.104643 -0.029521
0.093505 -0.045234
0.074235 -0.055323
0.050873 -0.056622
0.027715 -0.047602
0.008346 -0.029005
-0.005114 -0.003969
-0.012386 0.022470
-0.014937 0.044418
-0.015475 0.056463
-0.017151 0.055012
-0.022674 0.039266
-0.033570 0.011582
-0.049754 -0.022887
-0.069479 -0.057238
-0.089708 -0.084359
-0.106807 -0.098564
-0.117374 -0.096964
-0.119015 -0.080236
-0.110895 -0.052581
-0.093939 -0.020841
-0.070617 0.007025
-0.044413 0.023766
-0.019088 0.024556
0.002094 0.008202
0.016989 -0.022465
0.024914 -0.061108
0.026643 -0.099212
0.024082 -0.127932
0.019710 -0.140051
0.015930 -0.131604
0.014489 -0.102791
0.016107 -0.057983
0.020390 -0.004828
0.026012 0.047357
0.031145 0.089549
0.033992 0.114858
0.033269 0.119884
0.028554 0.105310
0.020415 0.075576
0.010265 0.037767
0.000001 -0.000007
-0.008451 -0.030364
-0.013599 -0.048163
-0.014732 -0.051420
-0.012056 -0.041481
-0.006611 -0.022443
0.000007 -0.000001
0.006057 0.019988
0.010075 0.032859
0.011204 0.036123
0.009364 0.029863
0.005227 0.016497
-0.000003 -0.000001
-0.004917 -0.015197
-0.008267 -0.025331
-0.009281 -0.028193
-0.007826 -0.023567
-0.004404 -0.013148
-0.000001 0.000002
0.004189 0.012325
0.007087 0.020697
0.007998 0.023193
0.006773 0.019510
0.003827 0.010950
0.000001 -0.000002
-0.003668 -0.010376
-0.006227 -0.017506
-0.007047 -0.019705
-0.005981 -0.016644
-0.003382 -0.009379
0.000006 0.000000
0.003267 0.008956
0.005555 0.015168
0.006302 0.017130
0.005360 0.014516
0.003039 0.008206
-0.000001 0.000003
-0.002939 -0.007870
-0.005006 -0.013366
-0.005688 -0.015138
-0.004850 -0.012860
-0.002755 -0.007285
0.000006 -0.000004
0.002680 0.007011
0.004570 0.011934
0.005206 0.013542
0.004450 0.011523
0.002536 0.006536
-0.000002 -0.000004
-0.002478 -0.006322
-0.004236 -0.010762
-0.004828 -0.012222
-0.004132 -0.010419
-0.002368 -0.005922
-0.000020 0.000006
0.002284 0.005753
0.003930 0.009804
0.004493 0.011147
0.003850 0.009511
0.002200 0.005415
0.000006 0.000006
-0.002138 -0.005253
-0.003668 -0.008980
-0.004191 -0.010233
-0.003591 -0.008747
-0.002055 -0.004986
-0.000006 -0.000002
0.002003 0.004850
0.003433 0.008289
0.003916 0.009445
0.003349 0.008077
0.001910 0.004606
-0.000000 0.000002
-0.001868 -0.004490
-0.003201 -0.007682
-0.003658 -0.008759
-0.003132 -0.007487
-0.001785 -0.004267
0.000007 0.000002
0.001757 0.004166
0.003004 0.007127
0.003428 0.008131
0.002937 0.006959
0.001678 0.003968
-0.000003 -0.000008
-0.001654 -0.003890
-0.002833 -0.006654
-0.003236 -0.007597
-0.002775 -0.006508
-0.001586 -0.003717
0.000001 0.000001
0.001560 0.003643
0.002680 0.006247
0.003071 0.007140
0.002636 0.006121
0.001508 0.003502
0.000001 0.000007
-0.001482 -0.003423
-0.002549 -0.005876
-0.002920 -0.006720
-0.002510 -0.005766
-0.001442 -0.003297
-0.000005 -0.000000
0.001411 0.003229
0.002427 0.005537
0.002780 0.006331
0.002391 0.005429
0.001371 0.003101
-0.000000 -0.000007
-0.001350 -0.003051
-0.002318 -0.005228
-0.002655 -0.005978
-0.002280 -0.005127
-0.001305 -0.002932
0.000000 0.000002
0.001285 0.002885
0.002209 0.004950
0.002530 0.005663
0.002172 0.004861
0.001244 0.002783
-0.000000 0.000001
-0.001223 -0.002735
-0.002099 -0.004700
-0.002405 -0.005386
-0.002068 -0.004627
-0.001184 -0.002650
0.000004 -0.000003
0.001173 0.002599
0.002011 0.004469
0.002305 0.005122
0.001984 0.004400
0.001138 0.002519
-0.000001 -0.000001
-0.001124 -0.002478
-0.001933 -0.004257
-0.002218 -0.004875
-0.001909 -0.004186
-0.001097 -0.002396
-0.000005 0.000004
0.001074 0.002369
0.001855 0.004065
0.002128 0.004652
0.001828 0.003997
0.001048 0.002291
0.000003 0.000001
-0.001026 -0.002256
-0.001767 -0.003881
-0.002027 -0.004447
-0.001739 -0.003819
-0.000989 -0.002187
0.000010 -0.000001
0.000988 0.002156
0.001690 0.003711
0.001935 0.004252
0.001660 0.003654
0.000948 0.002092
-0.000006 -0.000006
-0.000948 -0.002072
-0.001622 -0.003554
-0.001854 -0.004074
-0.001594 -0.003506
-0.000915 -0.002010
0.000002 0.000000
0.000908 0.001983
0.001563 0.003415
0.001798 0.003921
0.001552 0.003375
0.000893 0.001939
0.000002 0.000007
-0.000881 -0.001903
-0.001519 -0.003283
-0.001746 -0.003776
-0.001508 -0.003258
-0.000873 -0.001874
-0.000008 -0.000003
0.000853 0.001849
0.001479 0.003187
0.001704 0.003659
0.001469 0.003150
0.000843 0.001813
0.000004 0.000011
-0.000823 -0.001775
-0.001424 -0.003069
-0.001640 -0.003526
-0.001414 -0.003036
-0.000813 -0.001743
-0.000001 -0.000001
0.000801 0.001718
0.001378 0.002956
0.001579 0.003392
0.001356 0.002921
0.000777 0.001679
-0.000000 0.000003
-0.000767 -0.001655
-0.001318 -0.002853
-0.001512 -0.003278
-0.001300 -0.002823
-0.000742 -0.001621
0.000008 -0.000003
0.000744 0.001597
0.001272 0.002755
0.001457 0.003166
0.001252 0.002728
0.000717 0.001569
-0.000002 0.000004
-0.000713 -0.001546
-0.001227 -0.002665
-0.001409 -0.003060
-0.001214 -0.002636
-0.000699 -0.001513
-0.000002 0.000001
0.000689 0.001496
0.001188 0.002575
0.001365 0.002956
0.001176 0.002547
0.000676 0.001464
-0.000000 0.000001
-0.000673 -0.001447
-0.001161 -0.002491
-0.001331 -0.002860
-0.001144 -0.002466
-0.000657 -0.001418
0.000000 -0.000001
0.000652 0.001403
0.001122 0.002417
0.001284 0.002777
0.001101 0.002395
0.000629 0.001380
-0.000001 0.000005
-0.000624 -0.001359
-0.001072 -0.002347
-0.001228 -0.002699
-0.001056 -0.002327
-0.000602 -0.001337
0.000011 -0.000006
0.000610 0.001308
0.001037 0.002263
0.001191 0.002608
0.001031 0.002248
0.000595 0.001290
-0.000001 -0.000000
-0.000593 -0.001273
-0.001026 -0.002191
-0.001183 -0.002514
-0.001025 -0.002165
-0.000597 -0.001243
-0.000014 0.000003
0.000572 0.001239
0.001005 0.002133
0.001168 0.002446
0.001014 0.002104
0.000587 0.001208
0.000006 0.000002
-0.000571 -0.001193
-0.000993 -0.002059
-0.001145 -0.002365
-0.000989 -0.002039
-0.000570 -0.001173
-0.000004 -0.000002
0.000559 0.001158
0.000967 0.001995
0.001111 0.002292
0.000959 0.001975
0.000551 0.001133
0.000000 -0.000001
-0.000542 -0.001122
-0.000933 -0.001935
-0.001074 -0.002225
-0.000928 -0.001917
-0.000534 -0.001100
-0.000002 -0.000000
0.000526 0.001091
0.000910 0.001881
0.001050 0.002162
0.000908 0.001863
0.000523 0.001071
0.000002 0.000002
-0.000514 -0.001057
-0.000889 -0.001826
-0.001025 -0.002100
-0.000885 -0.001812
-0.000511 -0.001043
-0.000003 -0.000001
0.000502 0.001031
0.000869 0.001779
0.001001 0.002046
0.000863 0.001764
0.000496 0.001015
0.000000 0.000002
-0.000492 -0.001002
-0.000849 -0.001731
-0.000978 -0.001992
-0.000847 -0.001720
-0.000493 -0.000989
-0.000007 0.000000
0.000479 0.000977
0.000831 0.001679
0.000955 0.001930
0.000826 0.001664
0.000478 0.000954
0.000001 -0.000004
-0.000471 -0.000949
-0.000814 -0.001632
-0.000937 -0.001872
-0.000807 -0.001611
-0.000464 -0.000925
-0.000002 0.000002
0.000457 0.000921
0.000790 0.001583
0.000906 0.001816
0.000780 0.001565
0.000448 0.000899
0.000002 0.000000
-0.000438 -0.000891
-0.000755 -0.001539
-0.000870 -0.001773
-0.000752 -0.001530
-0.000432 -0.000880
0.000000 -0.000002
0.000428 0.000871
0.000740 0.001507
0.000853 0.001734
0.000738 0.001496
0.000424 0.000863
0.000003 0.000007
-0.000413 -0.000846
-0.000717 -0.001467
-0.000829 -0.001689
-0.000717 -0.001455
-0.000412 -0.000835
-0.000001 0.000000
0.000406 0.000827
0.000700 0.001425
0.000802 0.001635
0.000690 0.001408
0.000396 0.000807
0.000000 -0.000002
-0.000388 -0.000804
-0.000667 -0.001386
-0.000768 -0.001593
-0.000661 -0.001371
-0.000377 -0.000787
0.000004 -0.000001
0.000378 0.000780
0.000649 0.001347
0.000746 0.001550
0.000643 0.001337
0.000369 0.000769
-0.000001 0.000002
-0.000365 -0.000760
-0.000628 -0.001316
-0.000721 -0.001518
-0.000623 -0.001312
-0.000358 -0.000755
0.000001 -0.000000
0.000357 0.000749
0.000613 0.001291
0.000700 0.001485
0.000597 0.001284
0.000340 0.000744
-0.000000 0.000007
-0.000334 -0.000729
-0.000572 -0.001268
-0.000656 -0.001466
-0.000563 -0.001267
-0.000317 -0.000730
0.000012 -0.000005
0.000330 0.000716
0.000554 0.001243
0.000629 0.001436
0.000535 0.001244
0.000303 0.000722
-0.000004 0.000008
-0.000310 -0.000707
-0.000533 -0.001225
-0.000610 -0.001410
-0.000524 -0.001218
-0.000302 -0.000701
0.000002 -0.000000
0.000303 0.000689
0.000516 0.001188
0.000588 0.001368
0.000507 0.001182
0.000292 0.000680
-0.000001 -0.000002
-0.000299 -0.000678
-0.000518 -0.001161
-0.000594 -0.001328
-0.000512 -0.001145
-0.000297 -0.000659
-0.000004 0.000000
0.000291 0.000650
0.000503 0.001118
0.000579 0.001287
0.000503 0.001111
0.000291 0.000635
0.000001 -0.000003
-0.000284 -0.000633
-0.000489 -0.001091
-0.000563 -0.001255
-0.000485 -0.001079
-0.000276 -0.000618
0.000005 0.000001
0.000279 0.000609
0.000471 0.001046
0.000531 0.001201
0.000452 0.001036
0.000259 0.000592
-0.000005 -0.000011
-0.000269 -0.000602
-0.000460 -0.001020
-0.000523 -0.001161
-0.000445 -0.000994
-0.000254 -0.000568
0.000001 0.000004
0.000253 0.000570
0.000437 0.000978
0.000505 0.001121
0.000440 0.000962
0.000256 0.000546
0.000001 -0.000009
-0.000252 -0.000553
-0.000435 -0.000945
-0.000501 -0.001083
-0.000432 -0.000930
-0.000248 -0.000533
-0.000001 0.000002
0.000244 0.000534
0.000422 0.000918
0.000485 0.001052
0.000416 0.000904
0.000238 0.000516
-0.000004 -0.000008
-0.000243 -0.000524
-0.000413 -0.000894
-0.000468 -0.001026
-0.000402 -0.000886
-0.000232 -0.000509
0.000000 0.000001
0.000232 0.000506
0.000399 0.000871
0.000461 0.001003
0.000401 0.000865
0.000233 0.000497
0.000002 0.000000
-0.000228 -0.000491
-0.000396 -0.000850
-0.000457 -0.000981
-0.000398 -0.000849
-0.000232 -0.000490
-0.000006 0.000001
0.000222 0.000492
0.000391 0.000848
0.000450 0.000973
0.000384 0.000841
0.000218 0.000490
0.000003 0.000009
-0.000208 -0.000475
-0.000362 -0.000830
-0.000418 -0.000955
-0.000356 -0.000820
-0.000197 -0.000470
0.000009 -0.000002
0.000205 0.000464
0.000345 0.000803
0.000393 0.000922
0.000335 0.000792
0.000191 0.000453
-0.000002 -0.000005
-0.000195 -0.000456
-0.000335 -0.000778
-0.000384 -0.000887
-0.000330 -0.000761
-0.000189 -0.000435
-0.000001 0.000002
0.000186 0.000436
0.000324 0.000752
0.000376 0.000864
0.000327 0.000744
0.000190 0.000427
0.000001 0.000000
-0.000186 -0.000423
-0.000322 -0.000730
-0.000370 -0.000842
-0.000320 -0.000727
-0.000184 -0.000420
0.000000 -0.000001
0.000182 0.000415
0.000316 0.000718
0.000365 0.000827
0.000317 0.000711
0.000182 0.000406
-0.000000 -0.000002
-0.000179 -0.000406
-0.000308 -0.000698
-0.000355 -0.000801
-0.000307 -0.000689
-0.000177 -0.000394
0.000000 0.000000
0.000175 0.000389
0.000301 0.000669
0.000344 0.000769
0.000297 0.000663
0.000171 0.000379
-0.000002 -0.000004
-0.000174 -0.000381
-0.000295 -0.000653
-0.000336 -0.000753
-0.000290 -0.000653
-0.000168 -0.000376
-0.000002 0.000002
0.000164 0.000380
0.000288 0.000656
0.000333 0.000754
0.000286 0.000652
0.000165 0.000381
0.000004 0.000008
-0.000159 -0.000368
-0.000283 -0.000640
-0.000330 -0.000733
-0.000284 -0.000630
-0.000165 -0.000362
-0.000005 0.000001
0.000156 0.000361
0.000274 0.000617
0.000314 0.000704
0.000270 0.000602
0.000155 0.000340
-0.000000 -0.000009
-0.000153 -0.000349
-0.000261 -0.000593
-0.000298 -0.000674
-0.000252 -0.000575
-0.000139 -0.000327
0.000006 0.000002
0.000145 0.000330
0.000245 0.000568
0.000280 0.000650
0.000238 0.000558
0.000135 0.000319
-0.000004 -0.000006
-0.000142 -0.000324
-0.000237 -0.000553
-0.000267 -0.000637
-0.000230 -0.000554
-0.000133 -0.000320
0.000001 -0.000001
0.000135 0.000316
0.000233 0.000549
0.000273 0.000635
0.000239 0.000549
0.000139 0.000317
0.000000 0.000004
-0.000138 -0.000308
-0.000238 -0.000538
-0.000276 -0.000626
-0.000243 -0.000548
-0.000148 -0.000319
-0.000009 -0.000001
0.000135 0.000318
0.000245 0.000552
0.000289 0.000636
0.000252 0.000551
0.000146 0.000324
0.000006 0.000014
-0.000132 -0.000303
-0.000236 -0.000540
-0.000278 -0.000629
-0.000243 -0.000545
-0.000141 -0.000315
-0.000002 -0.000003
0.000136 0.000307
0.000235 0.000530
0.000266 0.000609
0.000225 0.000526
0.000127 0.000304
-0.000001 0.000002
-0.000125 -0.000300
-0.000212 -0.000519
-0.000242 -0.000598
-0.000207 -0.000516
-0.000116 -0.000296
0.000006 -0.000002
0.000122 0.000290
0.000204 0.000504
0.000232 0.000583
0.000198 0.000507
0.000113 0.000296
0.000000 0.000008
-0.000111 -0.000283
-0.000192 -0.000497
-0.000223 -0.000576
-0.000193 -0.000499
-0.000112 -0.000288
0.000000 -0.000002
0.000111 0.000281
0.000188 0.000486
0.000212 0.000559
0.000178 0.000484
0.000101 0.000280
-0.000002 0.000001
-0.000104 -0.000277
-0.000178 -0.000476
-0.000202 -0.000544
-0.000170 -0.000466
-0.000093 -0.000267
0.000006 -0.000001
0.000101 0.000262
0.000165 0.000452
0.000186 0.000522
0.000159 0.000453
0.000092 0.000262
0.000001 0.000004
-0.000087 -0.000254
-0.000153 -0.000442
-0.000178 -0.000508
-0.000153 -0.000435
-0.000084 -0.000249
0.000005 -0.000002
0.000088 0.000242
0.000146 0.000421
0.000167 0.000484
0.000144 0.000415
0.000082 0.000235
-0.000002 -0.000005
-0.000086 -0.000240
-0.000148 -0.000404
-0.000169 -0.000454
-0.000142 -0.000383
-0.000079 -0.000216
0.000000 0.000004
0.000078 0.000219
0.000135 0.000372
0.000157 0.000423
0.000138 0.000360
0.000082 0.000201
-0.000001 -0.000011
-0.000088 -0.000213
-0.000152 -0.000351
-0.000173 -0.000396
-0.000149 -0.000341
-0.000090 -0.000196
-0.000008 0.000003
0.000080 0.000200
0.000148 0.000342
0.000177 0.000391
0.000158 0.000334
0.000093 0.000189
0.000003 -0.000002
-0.000085 -0.000189
-0.000147 -0.000326
-0.000171 -0.000376
-0.000149 -0.000323
-0.000085 -0.000185
0.000001 -0.000000
0.000084 0.000183
0.000145 0.000315
0.000167 0.000362
0.000144 0.000310
0.000083 0.000176
0.000000 -0.000001
-0.000079 -0.000176
-0.000135 -0.000303
-0.000156 -0.000347
-0.000134 -0.000297
-0.000075 -0.000169
0.000002 -0.000000
0.000076 0.000167
0.000131 0.000289
0.000153 0.000330
0.000135 0.000281
0.000079 0.000156
0.000000 -0.000006
-0.000077 -0.000161
-0.000132 -0.000272
-0.000153 -0.000308
-0.000134 -0.000261
-0.000078 -0.000148
-0.000005 0.000003
0.000070 0.000154
0.000130 0.000261
0.000154 0.000295
0.000135 0.000251
0.000078 0.000141
0.000001 -0.000004
-0.000074 -0.000144
-0.000126 -0.000247
-0.000143 -0.000287
-0.000123 -0.000249
-0.000070 -0.000143
0.000001 0.000001
0.000071 0.000146
0.000121 0.000250
0.000136 0.000285
0.000111 0.000246
0.000060 0.000143
-0.000003 -0.000001
-0.000066 -0.000144
-0.000109 -0.000246
-0.000120 -0.000283
-0.000102 -0.000246
-0.000059 -0.000142
0.000001 0.000000
0.000060 0.000141
0.000104 0.000245
0.000123 0.000283
0.000108 0.000244
0.000064 0.000142
0.000001 0.000003
-0.000065 -0.000136
-0.000113 -0.000238
-0.000130 -0.000281
-0.000117 -0.000250
-0.000075 -0.000148
-0.000009 -0.000001
0.000065 0.000145
0.000119 0.000249
0.000137 0.000287
0.000116 0.000250
0.000065 0.000148
0.000001 0.000006
-0.000059 -0.000139
-0.000101 -0.000248
-0.000115 -0.000288
-0.000098 -0.000247
-0.000051 -0.000141
0.000008 -0.000001
0.000060 0.000134
0.000092 0.000229
0.000096 0.000262
0.000077 0.000226
0.000041 0.000129
-0.000005 -0.000005
-0.000051 -0.000135
-0.000081 -0.000224
-0.000087 -0.000257
-0.000073 -0.000224
-0.000041 -0.000129
0.000003 -0.000001
0.000047 0.000127
0.000078 0.000222
0.000090 0.000260
0.000078 0.000228
0.000045 0.000136
0.000002 0.000010
-0.000039 -0.000121
-0.000068 -0.000222
-0.000080 -0.000262
-0.000070 -0.000229
-0.000038 -0.000133
0.000004 -0.000004
0.000043 0.000124
0.000069 0.000219
0.000076 0.000254
0.000064 0.000219
0.000035 0.000126
-0.000001 0.000002
-0.000034 -0.000122
-0.000059 -0.000212
-0.000067 -0.000241
-0.000056 -0.000204
-0.000027 -0.000116
0.000006 -0.000001
0.000034 0.000113
0.000053 0.000198
0.000059 0.000228
0.000049 0.000197
0.000027 0.000114
-0.000002 0.000001
-0.000031 -0.000111
-0.000052 -0.000191
-0.000057 -0.000220
-0.000048 -0.000190
-0.000028 -0.000110
0.000001 -0.000001
0.000029 0.000107
0.000050 0.000187
0.000062 0.000216
0.000057 0.000185
0.000035 0.000104
0.000000 -0.000002
-0.000039 -0.000105
-0.000071 -0.000176
-0.000083 -0.000199
-0.000075 -0.000174
-0.000051 -0.000102
-0.000011 0.000001
0.000036 0.000105
0.000077 0.000179
0.000097 0.000205
0.000089 0.000177
0.000054 0.000104
0.000005 0.000008
-0.000040 -0.000091
-0.000073 -0.000172
-0.000089 -0.000207
-0.000082 -0.000184
-0.000049 -0.000109
-0.000002 -0.000004
0.000044 0.000105
0.000080 0.000186
0.000093 0.000216
0.000077 0.000188
0.000042 0.000114
0.000001 0.000009
-0.000040 -0.000102
-0.000074 -0.000184
-0.000087 -0.000213
-0.000077 -0.000185
-0.000047 -0.000107
-0.000002 -0.000001
0.000044 0.000097
0.000073 0.000165
0.000080 0.000190
0.000069 0.000165
0.000040 0.000093
-0.000000 -0.000002
-0.000037 -0.000093
-0.000062 -0.000160
-0.000071 -0.000184
-0.000060 -0.000156
-0.000031 -0.000088
0.000004 -0.000000
0.000036 0.000087
0.000057 0.000152
0.000064 0.000175
0.000054 0.000151
0.000031 0.000089
0.000001 0.000003
-0.000030 -0.000084
-0.000055 -0.000146
-0.000065 -0.000166
-0.000057 -0.000141
-0.000034 -0.000080
-0.000003 0.000001
0.000029 0.000081
0.000052 0.000136
0.000060 0.000152
0.000050 0.000129
0.000028 0.000071
-0.000000 -0.000004
-0.000026 -0.000076
-0.000042 -0.000128
-0.000045 -0.000144
-0.000035 -0.000120
-0.000013 -0.000067
0.000010 -0.000000
0.000025 0.000066
0.000032 0.000116
0.000031 0.000134
0.000022 0.000116
0.000010 0.000068
-0.000004 -0.000001
-0.000019 -0.000069
-0.000028 -0.000116
-0.000028 -0.000135
-0.000025 -0.000120
-0.000017 -0.000071
-0.000001 -0.000001
0.000016 0.000067
0.000029 0.000117
0.000037 0.000137
0.000036 0.000119
0.000023 0.000067
0.000000 -0.000001
-0.000024 -0.000067
-0.000043 -0.000113
-0.000050 -0.000130
-0.000044 -0.000113
-0.000029 -0.000065
-0.000004 0.000001
0.000024 0.000062
0.000043 0.000103
0.000048 0.000117
0.000042 0.000100
0.000025 0.000054
-0.000002 -0.000006
-0.000027 -0.000061
-0.000043 -0.000100
-0.000047 -0.000115
-0.000042 -0.000101
-0.000027 -0.000057
-0.000004 0.000003
0.000022 0.000062
0.000040 0.000101
0.000041 0.000113
0.000029 0.000100
0.000014 0.000062
-0.000002 0.000001
-0.000021 -0.000062
-0.000032 -0.000106
-0.000029 -0.000122
-0.000018 -0.000107
-0.000005 -0.000063
0.000009 -0.000000
0.000018 0.000061
0.000019 0.000107
0.000014 0.000125
0.000006 0.000111
0.000000 0.000069
-0.000001 0.000005
-0.000004 -0.000062
-0.000007 -0.000110
-0.000009 -0.000128
-0.000008 -0.000113
-0.000006 -0.000067
-0.000001 -0.000003
0.000004 0.000065
0.000013 0.000121
0.000025 0.000144
0.000029 0.000126
0.000019 0.000078
0.000004 0.000012
-0.000014 -0.000060
-0.000036 -0.000116
-0.000048 -0.000138
-0.000046 -0.000124
-0.000034 -0.000075
-0.000010 -0.000001
0.000021 0.000072
0.000044 0.000122
0.000052 0.000140
0.000046 0.000122
0.000026 0.000072
0.000003 0.000005
-0.000018 -0.000065
-0.000036 -0.000119
-0.000045 -0.000136
-0.000039 -0.000116
-0.000021 -0.000067
0.000003 -0.000004
0.000025 0.000054
0.000036 0.000097
0.000041 0.000117
0.000039 0.000102
0.000024 0.000056
-0.000001 -0.000001
-0.000023 -0.000054
-0.000037 -0.000096
-0.000044 -0.000113
-0.000041 -0.000097
-0.000026 -0.000055
-0.000002 0.000002
0.000022 0.000055
0.000038 0.000092
0.000041 0.000105
0.000033 0.000092
0.000020 0.000056
0.000003 0.000003
-0.000017 -0.000052
-0.000037 -0.000088
-0.000046 -0.000094
-0.000037 -0.000074
-0.000019 -0.000041
-0.000003 0.000002
0.000014 0.000046
0.000031 0.000078
0.000043 0.000085
0.000041 0.000067
0.000026 0.000033
0.000004 -0.000004
-0.000017 -0.000038
-0.000034 -0.000063
-0.000044 -0.000071
-0.000041 -0.000058
-0.000025 -0.000032
-0.000003 0.000000
0.000020 0.000032
0.000036 0.000053
0.000039 0.000060
0.000031 0.000053
0.000017 0.000030
-0.000002 -0.000001
-0.000019 -0.000032
-0.000028 -0.000055
-0.000029 -0.000064
-0.000023 -0.000055
-0.000010 -0.000031
0.000004 0.000001
0.000016 0.000032
0.000021 0.000053
0.000019 0.000060
0.000013 0.000053
0.000007 0.000032
-0.000000 0.000000
-0.000008 -0.000032
-0.000015 -0.000054
-0.000017 -0.000060
-0.000013 -0.000050
-0.000005 -0.000029
0.000003 -0.000001
0.000010 0.000026
0.000012 0.000046
0.000011 0.000054
0.000009 0.000048
0.000005 0.000028
0.000000 0.000002
-0.000002 -0.000025
-0.000004 -0.000046
-0.000006 -0.000051
-0.000004 -0.000040
0.000002 -0.000021
0.000005 -0.000000
0.000003 0.000020
0.000000 0.000035
-0.000000 0.000039
0.000001 0.000031
0.000001 0.000014
0.000000 -0.000005
-0.000002 -0.000021
-0.000006 -0.000027
-0.000008 -0.000023
-0.000006 -0.000012
-0.000002 -0.000004
-0.000001 0.000003
-0.000001 0.000009
0.000001 0.000009
0.000001 0.000006
0.000002 0.000001
0.000002 -0.000006
-0.000002 -0.000010
-0.000005 -0.000008
-0.000004 -0.000003
-0.000001 0.000001
0.000002 0.000003
0.000003 0.000003
0.000003 0.000002
0.000001 0.000001
-0.000001 0.000001
-0.000001 0.000001
-0.000001 -0.000000
-0.000000 -0.000001
-0.000000 -0.000002
-0.000000 -0.000001
0.000000 -0.000001
0.000001 -0.000001
0.000000 -0.000000
-0.000000 -0.000000
-0.000001 0.000001
-0.000001 0.000002
0.000000 0.000002
0.000001 0.000002
0.000001 0.000000
0.000001 -0.000001
-0.000001 -0.000002
-0.000002 -0.000002
-0.000002 -0.000001
-0.000001 0.000000
0.000001 0.000001
0.000001 0.000001
0.000001 0.000001
0.000000 0.000001
-0.000000 0.000001
-0.000000 0.000000
-0.000000 -0.000000
-0.000000 -0.000000
-0.000000 -0.000001
-0.000000 -0.000001
0.000000 -0.000000
0.000000 -0.000000
0.000000 -0.000000
-0.000000 -0.000000
-0.000000 0.000000
-0.000000 0.000001
0.000000 0.000001
0.000001 0.000001
0.000001 0.000000
0.000000 -0.000001
-0.000000 -0.000001
-0.000001 -0.000001
-0.000001 -0.000000
-0.000000 0.000000
0.000000 0.000000
0.000001 0.000001
0.000001 0.000000
0.000000 0.000000
-0.000000 0.000000
-0.000000 0.000000
-0.000000 -0.000000
-0.000000 -0.000000
-0.000000 -0.000001
-0.000000 -0.000000
0.000000 -0.000000
0.000000 -0.000000
0.000000 -0.000000
-0.000000 -0.000000
-0.000000 0.000000
-0.000000 0.000001
0.000000 0.000001
0.000001 0.000001
0.000001 0.000000
0.000000 -0.000000
-0.000000 -0.000001
-0.000001 -0.000001
-0.000001 -0.000000
-0.000000 0.000000
0.000000 0.000000
0.000001 0.000000
0.000001 0.000000
0.000000 0.000000
-0.000000 0.000000
-0.000000 0.000000
-0.000000 -0.000000
-0.000000 -0.000000
-0.000000 -0.000000
-0.000000 -0.000000
0.000000 -0.000000
0.000000 -0.000000
0.000000 -0.000000
-0.000000 -0.000000
-0.000000 0.000000
-0.000000 0.000000
0.000000 0.000001
0.000000 0.000001
0.000000 0.000000
0.000000 -0.000000
-0.000000 -0.000001
-0.000001 -0.000001
-0.000001 -0.000000
-0.000000 0.000000
0.000000 0.000000
0.000001 0.000000
0.000000 0.000000
0.000000 0.000000
-0.000000 0.000000
-0.000000 0.000000
-0.000000 -0.000000
-0.000000 -0.000000
-0.000000 -0.000000
-0.000000 -0.000000
0.000000 -0.000000
0.000000 -0.000000
0.000000 -0.000000
-0.000000 -0.000000
-0.000000 0.000000
-0.000000 0.000000
0.000000 0.000000
0.000000 0.000000
0.000000 0.000000
0.000000 -0.000000
-0.000000 -0.000001
-0.000001 -0.000001
-0.000000 -0.000000
-0.000000 -0.000000
0.000000 0.000000
0.000000 0.000000
0.000000 0.000000
0.000000 0.000000
-0.000000 0.000000
-0.000000 0.000000
-0.000000 -0.000000
-0.000000 -0.000000
-0.000000 -0.000000
-0.000000 -0.000000
0.000000 -0.000000
0.000000 -0.000000
0.000000 -0.000000
-0.000000 -0.000000
-0.000000 0.000000
-0.000000 0.000000
0.000000 0.000000
0.000000 0.000000
0.000000 0.000000
0.000000 -0.000000
-0.000000 -0.000000
-0.000000 -0.000000
-0.000000 -0.000000
-0.000000 -0.000000
0.000000 0.000000
0.000000 0.000000
0.000000 0.000000
0.000000 0.000000
-0.000000 0.000000
-0.000000 0.000000
-0.000000 -0.000000
-0.000000 -0.000000
-0.000000 -0.000000
-0.000000 -0.000000
0.000000 -0.000000
0.000000 -0.000000
0.000000 -0.000000
-0.000000 -0.000000
-0.000000 0.000000
-0.000000 0.000000
0.000000 0.000000
0.000000 0.000000
0.000000 0.000000
0.000000 -0.000000
-0.000000 -0.000000
-0.000000 -0.000000
-0.000000 -0.000000
-0.000000 -0.000000
0.000000 0.000000
0.000000 0.000000
0.000000 0.000000
0.000000 0.000000
-0.000000 0.000000
-0.000000 0.000000
-0.000000 -0.000000
-0.000000 -0.000000
-0.000000 -0.000000
-0.000000 -0.000000
0.000000 -0.000000
0.000000 -0.000000
0.000000 -0.000000
-0.000000 -0.000000
-0.000000 0.000000
-0.000000 0.000000
0.000000 0.000000
0.000000 0.000000
0.000000 0.000000
0.000000 -0.000000
-0.000000 -0.000000
-0.000000 -0.000000
-0.000000 -0.000000
-0.000000 -0.000000
0.000000 0.000000
0.000000 0.000000
0.000000 0.000000
0.000000 0.000000
-0.000000 0.000000
-0.000000 0.000000
-0.000000 -0.000000
-0.000000 -0.000000
-0.000000 -0.000000
-0.000000 -0.000000
0.000000 -0.000000
0.000000 -0.000000
0.000000 -0.000000
-0.000000 -0.000000
-0.000000 0.000000
-0.000000 0.000000
0.000000 0.000000
0.000000 0.000000
0.000000 0.000000
0.000000 -0.000000
-0.000000 -0.000000
-0.000000 -0.000000
-0.000000 -0.000000
-0.000000 -0.000000
0.000000 0.000000
0.000000 0.000000
0.000000 0.000000
0.000000 0.000000
-0.000000 0.000000
-0.000000 0.000000
-0.000000 -0.000000
-0.000000 -0.000000
-0.000000 -0.000000
-0.000000 -0.000000
0.000000 -0.000000
0.000000 -0.000000
0.000000 -0.000000
-0.000000 -0.000000
-0.000000 0.000000
-0.000000 0.000000
0.000000 0.000000
0.000000 0.000000
0.000000 0.000000
0.000000 -0.000000
-0.000000 -0.000000
-0.000000 -0.000000
-0.000000 -0.000000
-0.000000 -0.000000
0.000000 0.000000
0.000000 0.000000
0.000000 0.000000
0.000000 0.000000
-0.000000 0.000000
-0.000000 0.000000
-0.000000 -0.000000
-0.000000 -0.000000
-0.000000 -0.000000
-0.000000 -0.000000
0.000000 -0.000000
0.000000 -0.000000
0.000000 -0.000000
-0.000000 -0.000000
-0.000000 0.000000
-0.000000 0.000000
0.000000 0.000000
0.000000 0.000000
0.000000 0.000000
0.000000 -0.000000
-0.000000 -0.000000
-0.000000 -0.000000
-0.000000 -0.000000
-0.000000 -0.000000
0.000000 0.000000
0.000000 0.000000
0.000000 0.000000
0.000000 0.000000
-0.000000 0.000000
-0.000000 0.000000
-0.000000 -0.000000
-0.000000 -0.000000
-0.000000 -0.000000
-0.000000 -0.000000
0.000000 -0.000000
0.000000 -0.000000
0.000000 -0.000000
-0.000000 -0.000000
-0.000000 0.000000
-0.000000 0.000000
0.000000 0.000000
0.000000 0.000000
0.000000 0.000000
0.000000 -0.000000
-0.000000 -0.000000
-0.000000 -0.000000
-0.000000 -0.000000
-0.000000 -0.000000
0.000000 0.000000
0.000000 0.000000
0.000000 0.000000
0.000000 0.000000
-0.000000 0.000000
-0.000000 0.000000
-0.000000 -0.000000
-0.000000 -0.000000
-0.000000 -0.000000
-0.000000 -0.000000
0.000000 -0.000000
0.000000 -0.000000
0.000000 -0.000000
-0.000000 -0.000000
-0.000000 0.000000
-0.000000 0.000000
0.000000 0.000000
0.000000 0.000000
0.000000 0.000000
0.000000 -0.000000
-0.000000 -0.000000
-0.000000 -0.000000
-0.000000 -0.000000
-0.000000 -0.000000
0.000000 0.000000
0.000000 0.000000
0.000000 0.000000
0.000000 0.000000
-0.000000 0.000000
-0.000000 0.000000
-0.000000 -0.000000
-0.000000 -0.000000
-0.000000 -0.000000
0.000000 -0.000000
0.000000 -0.000000
0.000000 -0.000000
0.000000 -0.000000
-0.000000 -0.000000
-0.000000 0.000000
-0.000000 0.000000
0.000000 0.000000
0.000000 0.000000
0.000000 0.000000
0.000000 -0.000000
-0.000000 -0.000000
-0.000000 -0.000000
-0.000000 -0.000000
-0.000000 -0.000000
0.000000 0.000000
0.000000 0.000000
0.000000 0.000000
0.000000 0.000000
-0.000000 0.000000
-0.000000 0.000000
-0.000000 -0.000000
-0.000000 -0.000000
-0.000000 -0.000000
0.000000 -0.000000
0.000000 -0.000000
0.000000 -0.000000
0.000000 -0.000000
-0.000000 -0.000000
-0.000000 0.000000
-0.000000 0.000000
0.000000 0.000000
0.000000 0.000000
0.000000 0.000000
0.000000 -0.000000
-0.000000 -0.000000
-0.000000 -0.000000
-0.000000 -0.000000
-0.000000 -0.000000
0.000000 0.000000
0.000000 0.000000
0.000000 0.000000
0.000000 0.000000
-0.000000 0.000000
-0.000000 0.000000
-0.000000 -0.000000
-0.000000 -0.000000
-0.000000 -0.000000
0.000000 -0.000000
0.000000 -0.000000
0.000000 -0.000000
0.000000 -0.000000
-0.000000 -0.000000
-0.000000 0.000000
-0.000000 0.000000
0.000000 0.000000
0.000000 0.000000
0.000000 0.000000
0.000000 -0.000000
-0.000000 -0.000000
-0.000000 -0.000000
-0.000000 -0.000000
-0.000000 -0.000000
0.000000 0.000000
0.000000 0.000000
0.000000 0.000000
0.000000 0.000000
-0.000000 0.000000
-0.000000 0.000000
-0.000000 -0.000000
-0.000000 -0.000000
-0.000000 -0.000000
0.000000 -0.000000
0.000000 -0.000000
0.000000 -0.000000
0.000000 -0.000000
-0.000000 -0.000000
-0.000000 0.000000
-0.000000 0.000000
0.000000 0.000000
0.000000 0.000000
0.000000 0.000000
0.000000 -0.000000
-0.000000 -0.000000
-0.000000 -0.000000
-0.000000 -0.000000
-0.000000 -0.000000
0.000000 0.000000
0.000000 0.000000
0.000000 0.000000
0.000000 0.000000
-0.000000 0.000000
-0.000000 0.000000
-0.000000 -0.000000
-0.000000 -0.000000
-0.000000 -0.000000
0.000000 -0.000000
0.000000 -0.000000
0.000000 -0.000000
-0.000000 -0.000000
-0.000000 -0.000000
-0.000000 0.000000
-0.000000 0.000000
0.000000 0.000000
0.000000 0.000000
0.000000 0.000000
0.000000 -0.000000
-0.000000 -0.000000
-0.000000 -0.000000
-0.000000 -0.000000
-0.000000 -0.000000
0.000000 0.000000
0.000000 0.000000
0.000000 0.000000
0.000000 0.000000
-0.000000 0.000000
-0.000000 0.000000
-0.000000 -0.000000
-0.000000 -0.000000
-0.000000 -0.000000
0.000000 -0.000000
0.000000 -0.000000
0.000000 -0.000000
0.000000 -0.000000
-0.000000 -0.000000
-0.000000 0.000000
-0.000000 0.000000
0.000000 0.000000
0.000000 0.000000
0.000000 0.000000
0.000000 -0.000000
-0.000000 -0.000000
-0.000000 -0.000000
-0.000000 -0.000000
-0.000000 -0.000000
0.000000 0.000000
0.000000 0.000000
0.000000 0.000000
0.000000 0.000000
-0.000000 0.000000
-0.000000 0.000000
-0.000000 -0.000000
-0.000000 -0.000000
-0.000000 -0.000000
0.000000 -0.000000
0.000000 -0.000000
0.000000 -0.000000
0.000000 -0.000000
-0.000000 -0.000000
-0.000000 0.000000
-0.000000 0.000000
0.000000 0.000000
0.000000 0.000000
0.000000 0.000000
0.000000 -0.000000
-0.000000 -0.000000
-0.000000 -0.000000
-0.000000 -0.000000
-0.000000 -0.000000
0.000000 0.000000
0.000000 0.000000
0.000000 0.000000
0.000000 0.000000
-0.000000 0.000000
-0.000000 0.000000
-0.000000 -0.000000
-0.000000 -0.000000
-0.000000 -0.000000
0.000000 -0.000000
0.000000 -0.000000
0.000000 -0.000000
0.000000 -0.000000
-0.000000 -0.000000
-0.000000 0.000000
-0.000000 0.000000
0.000000 0.000000
0.000000 0.000000
0.000000 0.000000
0.000000 -0.000000
-0.000000 -0.000000
-0.000000 -0.000000
-0.000000 -0.000000
-0.000000 -0.000000
0.000000 0.000000
0.000000 0.000000
0.000000 0.000000
0.000000 0.000000
-0.000000 0.000000
-0.000000 0.000000
-0.000000 -0.000000
-0.000000 -0.000000
-0.000000 -0.000000
0.000000 -0.000000
0.000000 -0.000000
0.000000 -0.000000
0.000000 -0.000000
-0.000000 -0.000000
-0.000000 0.000000
-0.000000 0.000000
0.000000 0.000000
0.000000 0.000000
0.000000 0.000000
0.000000 -0.000000
-0.000000 -0.000000
-0.000000 -0.000000
-0.000000 -0.000000
-0.000000 0.000000
0.000000 0.000000
0.000000 0.000000
0.000000 0.000000
0.000000 0.000000
-0.000000 0.000000
-0.000000 0.000000
-0.000000 -0.000000
-0.000000 -0.000000
-0.000000 -0.000000
0.000000 -0.000000
0.000000 -0.000000
0.000000 -0.000000
0.000000 -0.000000
-0.000000 -0.000000
-0.000000 0.000000
-0.000000 0.000000
0.000000 0.000000
0.000000 0.000000
0.000000 0.000000
0.000000 -0.000000
-0.000000 -0.000000
-0.000000 -0.000000
-0.000000 -0.000000
-0.000000 -0.000000
0.000000 0.000000
0.000000 0.000000
0.000000 0.000000
0.000000 0.000000
-0.000000 0.000000
-0.000000 0.000000
-0.000000 -0.000000
-0.000000 -0.000000
-0.000000 -0.000000
0.000000 -0.000000
0.000000 -0.000000
0.000000 -0.000000
0.000000 -0.000000
-0.000000 -0.000000
-0.000000 0.000000
-0.000000 0.000000
0.000000 0.000000
0.000000 0.000000
0.000000 0.000000
0.000000 -0.000000
-0.000000 -0.000000
-0.000000 -0.000000
-0.000000 -0.000000
-0.000000 -0.000000
0.000000 0.000000
0.000000 0.000000
0.000000 0.000000
0.000000 0.000000
-0.000000 0.000000
-0.000000 0.000000
-0.000000 -0.000000
-0.000000 -0.000000
-0.000000 -0.000000
0.000000 -0.000000
0.000000 -0.000000
0.000000 -0.000000
0.000000 -0.000000
-0.000000 -0.000000
-0.000000 0.000000
-0.000000 0.000000
0.000000 0.000000
0.000000 0.000000
0.000000 0.000000
0.000000 -0.000000
-0.000000 -0.000000
-0.000000 -0.000000
-0.000000 -0.000000
-0.000000 -0.000000
0.000000 0.000000
0.000000 0.000000
0.000000 0.000000
0.000000 0.000000
-0.000000 0.000000
-0.000000 0.000000
-0.000000 -0.000000
-0.000000 -0.000000
-0.000000 -0.000000
0.000000 -0.000000
0.000000 -0.000000
0.000000 -0.000000
0.000000 -0.000000
-0.000000 -0.000000
-0.000000 0.000000
-0.000000 0.000000
0.000000 0.000000
0.000000 0.000000
0.000000 0.000000
0.000000 -0.000000
-0.000000 -0.000000
-0.000000 -0.000000
-0.000000 -0.000000
-0.000000 0.000000
0.000000 0.000000
0.000000 0.000000
0.000000 0.000000
0.000000 0.000000
-0.000000 0.000000
-0.000000 0.000000
-0.000000 -0.000000
-0.000000 -0.000000
-0.000000 -0.000000
0.000000 -0.000000
0.000000 -0.000000
0.000000 -0.000000
0.000000 -0.000000
-0.000000 -0.000000
-0.000000 0.000000
-0.000000 0.000000
0.000000 0.000000
0.000000 0.000000
0.000000 0.000000
0.000000 -0.000000
-0.000000 -0.000000
-0.000000 -0.000000
-0.000000 -0.000000
-0.000000 0.000000
0.000000 0.000000
0.000000 0.000000
0.000000 0.000000
0.000000 0.000000
-0.000000 0.000000
-0.000000 0.000000
-0.000000 -0.000000
-0.000000 -0.000000
-0.000000 -0.000000
0.000000 -0.000000
0.000000 -0.000000
0.000000 -0.000000
0.000000 -0.000000
-0.000000 -0.000000
-0.000000 0.000000
-0.000000 0.000000
0.000000 0.000000
0.000000 0.000000
0.000000 0.000000
0.000000 -0.000000
-0.000000 -0.000000
-0.000000 -0.000000
-0.000000 -0.000000
-0.000000 0.000000
0.000000 0.000000
0.000000 0.000000
0.000000 0.000000
0.000000 0.000000
-0.000000 0.000000
-0.000000 0.000000
-0.000000 -0.000000
-0.000000 -0.000000
-0.000000 -0.000000
0.000000 -0.000000
0.000000 -0.000000
0.000000 -0.000000
0.000000 -0.000000
-0.000000 -0.000000
-0.000000 0.000000
-0.000000 0.000000
0.000000 0.000000
0.000000 0.000000
0.000000 0.000000
0.000000 -0.000000
-0.000000 -0.000000
-0.000000 -0.000000
-0.000000 -0.000000
-0.000000 -0.000000
0.000000 0.000000
0.000000 0.000000
0.000000 0.000000
0.000000 0.000000
-0.000000 0.000000
-0.000000 0.000000
-0.000000 -0.000000
-0.000000 -0.000000
-0.000000 -0.000000
0.000000 -0.000000
0.000000 -0.000000
0.000000 -0.000000
0.000000 -0.000000
-0.000000 -0.000000
-0.000000 0.000000
-0.000000 0.000000
0.000000 0.000000
0.000000 0.000000
0.000000 0.000000
0.000000 -0.000000
-0.000000 -0.000000
-0.000000 -0.000000
-0.000000 -0.000000
-0.000000 -0.000000
0.000000 0.000000
0.000000 0.000000
0.000000 0.000000
0.000000 0.000000
-0.000000 0.000000
-0.000000 0.000000
-0.000000 -0.000000
-0.000000 -0.000000
-0.000000 -0.000000
0.000000 -0.000000
0.000000 -0.000000
0.000000 -0.000000
0.000000 -0.000000
-0.000000 -0.000000
-0.000000 0.000000
-0.000000 0.000000
0.000000 0.000000
0.000000 0.000000
0.000000 0.000000
0.000000 -0.000000
-0.000000 -0.000000
-0.000000 -0.000000
-0.000000 -0.000000
-0.000000 -0.000000
0.000000 0.000000
0.000000 0.000000
0.000000 0.000000
0.000000 0.000000
-0.000000 0.000000
-0.000000 0.000000
-0.000000 -0.000000
-0.000000 -0.000000
-0.000000 -0.000000
0.000000 -0.000000
0.000000 -0.000000
0.000000 -0.000000
0.000000 -0.000000
-0.000000 0.000000
-0.000000 0.000000
-0.000000 0.000000
0.000000 0.000000
0.000000 0.000000
0.000000 0.000000
0.000000 -0.000000
-0.000000 -0.000000
-0.000000 -0.000000
-0.000000 -0.000000
-0.000000 -0.000000
0.000000 0.000000
0.000000 0.000000
0.000000 0.000000
0.000000 0.000000
-0.000000 0.000000
-0.000000 0.000000
-0.000000 -0.000000
-0.000000 -0.000000
-0.000000 -0.000000
0.000000 -0.000000
0.000000 -0.000000
0.000000 -0.000000
0.000000 -0.000000
-0.000000 0.000000
-0.000000 0.000000
-0.000000 0.000000
0.000000 0.000000
0.000000 0.000000
0.000000 0.000000
0.000000 -0.000000
-0.000000 -0.000000
-0.000000 -0.000000
-0.000000 -0.000000
-0.000000 -0.000000
0.000000 0.000000
0.000000 0.000000
0.000000 0.000000
0.000000 0.000000
0.000000 0.000000
-0.000000 0.000000
-0.000000 0.000000
-0.000000 -0.000000
-0.000000 -0.000000
-0.000000 -0.000000
0.000000 -0.000000
0.000000 -0.000000
0.000000 -0.000000
-0.000000 0.000000
-0.000000 0.000000
-0.000000 0.000000
0.000000 0.000000
0.000000 0.000000
0.000000 0.000000
0.000000 -0.000000
-0.000000 -0.000000
-0.000000 -0.000000
-0.000000 -0.000000
-0.000000 0.000000
0.000000 0.000000
0.000000 0.000000
0.000000 0.000000
0.000000 0.000000
-0.000000 0.000000
-0.000000 0.000000
-0.000000 0.000000
-0.000000 -0.000000
-0.000000 -0.000000
0.000000 -0.000000
0.000000 -0.000000
0.000000 -0.000000
0.000000 -0.000000
-0.000000 -0.000000
-0.000000 0.000000
-0.000000 0.000000
0.000000 0.000000
0.000000 0.000000
0.000000 0.000000
0.000000 -0.000000
-0.000000 -0.000000
-0.000000 -0.000000
-0.000000 -0.000000
-0.000000 0.000000
0.000000 0.000000
0.000000 0.000000
0.000000 0.000000
0.000000 0.000000
-0.000000 0.000000
-0.000000 0.000000
-0.000000 0.000000
-0.000000 -0.000000
-0.000000 -0.000000
0.000000 -0.000000
0.000000 -0.000000
0.000000 -0.000000
0.000000 -0.000000
-0.000000 -0.000000
-0.000000 0.000000
-0.000000 0.000000
-0.000000 0.000000
0.000000 0.000000
0.000000 0.000000
0.000000 -0.000000
-0.000000 -0.000000
-0.000000 -0.000000
-0.000000 -0.000000
-0.000000 0.000000
0.000000 0.000000
0.000000 0.000000
0.000000 0.000000
0.000000 0.000000
-0.000000 0.000000
-0.000000 0.000000
-0.000000 0.000000
-0.000000 -0.000000
-0.000000 -0.000000
-0.000000 -0.000000
0.000000 -0.000000
0.000000 -0.000000
0.000000 -0.000000
-0.000000 0.000000
-0.000000 0.000000
-0.000000 0.000000
0.000000 0.000000
0.000000 0.000000
0.000000 0.000000
0.000000 -0.000000
-0.000000 -0.000000
-0.000000 -0.000000
-0.000000 -0.000000
-0.000000 -0.000000
0.000000 0.000000
0.000000 0.000000
0.000000 0.000000
0.000000 0.000000
-0.000000 0.000000
-0.000000 0.000000
-0.000000 0.000000
-0.000000 -0.000000
-0.000000 -0.000000
0.000000 -0.000000
0.000000 -0.000000
0.000000 -0.000000
0.000000 -0.000000
-0.000000 0.000000
-0.000000 0.000000
-0.000000 0.000000
-0.000000 0.000000
0.000000 0.000000
0.000000 0.000000
0.000000 -0.000000
-0.000000 -0.000000
-0.000000 -0.000000
-0.000000 -0.000000
-0.000000 -0.000000
0.000000 0.000000
0.000000 0.000000
0.000000 0.000000
0.000000 0.000000
0.000000 0.000000
-0.000000 0.000000
-0.000000 0.000000
-0.000000 -0.000000
-0.000000 -0.000000
-0.000000 -0.000000
-0.000000 -0.000000
0.000000 -0.000000
0.000000 0.000000
0.000000 0.000000
-0.000000 0.000000
-0.000000 0.000000
0.000000 0.000000
0.000000 0.000000
0.000000 0.000000
0.000000 -0.000000
-0.000000 -0.000000
-0.000000 -0.000000
-0.000000 -0.000000
-0.000000 -0.000000
0.000000 0.000000
0.000000 0.000000
0.000000 0.000000
0.000000 0.000000
-0.000000 0.000000
-0.000000 0.000000
-0.000000 0.000000
-0.000000 -0.000000
-0.000000 -0.000000
-0.000000 -0.000000
-0.000000 -0.000000
0.000000 -0.000000
0.000000 -0.000000
0.000000 0.000000
-0.000000 0.000000
-0.000000 0.000000
0.000000 0.000000
0.000000 0.000000
0.000000 0.000000
0.000000 -0.000000
-0.000000 -0.000000
-0.000000 -0.000000
-0.000000 -0.000000
-0.000000 0.000000
0.000000 0.000000
0.000000 0.000000
0.000000 0.000000
0.000000 0.000000
0.000000 0.000000
0.000000 0.000000
-0.000000 0.000000
-0.000000 -0.000000
-0.000000 -0.000000
-0.000000 -0.000000
-0.000000 -0.000000
0.000000 -0.000000
0.000000 -0.000000
0.000000 0.000000
0.000000 0.000000
-0.000000 0.000000
-0.000000 0.000000
0.000000 0.000000
0.000000 0.000000
0.000000 -0.000000
-0.000000 -0.000000
-0.000000 -0.000000
-0.000000 -0.000000
-0.000000 0.000000
0.000000 0.000000
0.000000 0.000000
0.000000 0.000000
0.000000 0.000000
-0.000000 0.000000
-0.000000 0.000000
-0.000000 0.000000
-0.000000 -0.000000
-0.000000 -0.000000
-0.000000 -0.000000
0.000000 -0.000000
0.000000 -0.000000
0.000000 -0.000000
0.000000 0.000000
-0.000000 0.000000
-0.000000 0.000000
-0.000000 0.000000
0.000000 0.000000
0.000000 0.000000
0.000000 -0.000000
-0.000000 -0.000000
-0.000000 -0.000000
-0.000000 -0.000000
-0.000000 0.000000
0.000000 0.000000
0.000000 0.000000
0.000000 0.000000
-0.000000 0.000000
-0.000000 0.000000
-0.000000 -0.000000
-0.000000 -0.000000
0.000000 -0.000000
0.000000 -0.000000
0.000000 0.000000
0.000000 0.000000
0.000000 0.000000
0.000000 0.000000
0.000000 0.000000
