0.000000 0.000000
0.000000 0.000000
0.000000 0.000000
0.000000 0.000000
0.000000 0.000000
0.000000 0.000000
0.000000 0.000000
0.000000 0.000000
0.000000 0.000000
0.000000 0.000000
0.000000 0.000000
0.000000 0.000000
0.000000 0.000000
0.000000 0.000000
0.000000 0.000000
0.000000 0.000000
0.000000 0.000000
0.000000 0.000000
0.000000 0.000000
0.000000 0.000000
0.000000 0.000000
0.000000 0.000000
0.000000 0.000000
0.000000 0.000000
0.000000 0.000000
0.000000 0.000000
0.000000 0.000000
0.000000 0.000000
0.000000 0.000000
0.000000 0.000000
0.000000 0.000000
0.000000 0.000000
0.000000 0.000000
0.000000 0.000000
0.000000 0.000000
0.000000 0.000000
0.000000 0.000000
0.000000 0.000000
0.000000 0.000000
0.000000 0.000000
0.000000 0.000000
0.000000 0.000000
0.000000 0.000000
0.000000 0.000000
0.000000 0.000000
0.000000 0.000000
0.000000 0.000000
0.000000 0.000000
0.000000 0.000000
0.000000 0.000000
0.000000 0.000000
0.000000 0.000000
0.000000 0.000000
0.000000 0.000000
0.000000 0.000000
0.000000 0.000000
0.000000 0.000000
0.000000 0.000000
0.000000 0.000000
0.000000 0.000000
0.000000 0.000000
0.000000 0.000000
0.000000 0.000000
0.000000 0.000000
0.000000 0.000000
0.000000 0.000000
0.000000 0.000000
0.000000 0.000000
0.000000 0.000000
0.000000 0.000000
0.000000 0.000000
0.000000 0.000000
0.000000 0.000000
0.000000 0.000000
0.000000 0.000000
0.000000 0.000000
0.000000 0.000000
0.000000 0.000000
0.000000 0.000000
0.000000 0.000000
0.000000 0.000000
0.000000 0.000000
0.000000 0.000000
0.000000 0.000000
0.000000 0.000000
0.000000 0.000000
0.000000 0.000000
0.000000 0.000000
0.000000 0.000000
0.000000 0.000000
0.000000 0.000000
0.000000 0.000000
0.000000 0.000000
0.000000 0.000000
0.000000 0.000000
0.000000 0.000000
0.000000 0.000000
0.000000 0.000000
0.000000 0.000000
0.000000 0.000000
0.000000 0.000000
0.000000 0.000000
0.000000 0.000000
0.000000 0.000000
0.000000 0.000000
0.000000 0.000000
0.000000 0.000000
0.000000 0.000000
0.000000 0.000000
0.000000 0.000000
0.000000 0.000000
0.000000 0.000000
0.000000 0.000000
0.000000 0.000000
0.000000 0.000000
0.000000 0.000000
0.000000 0.000000
0.000000 0.000000
0.000000 0.000000
0.000000 0.000000
0.000000 0.000000
0.000000 0.000000
0.000000 0.000000
0.000000 0.000000
0.000000 0.000000
0.000000 0.000000
0.000000 0.000000
0.000000 0.000000
0.000000 0.000000
0.000000 0.000000
0.000000 0.000000
0.000000 0.000000
0.000000 0.000000
0.000000 0.000000
0.000000 0.000000
0.000000 0.000000
0.000000 0.000000
0.000000 0.000000
0.000000 0.000000
0.000000 0.000000
0.000000 0.000000
0.000000 0.000000
0.000000 0.000000
0.000000 0.000000
0.031250 0.062500
0.000000 0.000000
0.017702 0.121097
0.000000 0.000000
0.012944 -0.106694
0.000000 0.000000
0.010974 0.096787
0.000000 0.000000
-0.156250 0.000000
0.000000 0.000000
0.010974 -0.096787
0.000000 0.000000
0.012944 0.106694
0.000000 0.000000
0.017702 -0.121097
0.000000 0.000000
0.031250 -0.062500
0.000000 0.000000
0.133187 -0.157708
0.000000 0.000000
-0.075444 -0.018306
0.000000 0.000000
-0.036862 0.116601
0.000000 0.000000
-0.031250 0.000000
0.000000 0.000000
-0.036862 -0.116601
0.000000 0.000000
-0.075444 0.018306
0.000000 0.000000
0.133187 0.157708
0.000000 0.000000
0.031250 0.062500
0.000000 0.000000
0.017702 0.121097
0.000000 0.000000
0.012944 -0.106694
0.000000 0.000000
0.010974 0.096787
0.000000 0.000000
-0.156250 0.000000
0.000000 0.000000
0.010974 -0.096787
0.000000 0.000000
0.012944 0.106694
0.000000 0.000000
0.017702 -0.121097
0.000000 0.000000
0.031250 -0.062500
0.000000 0.000000
0.133187 -0.157708
0.000000 0.000000
-0.075444 -0.018306
0.000000 0.000000
-0.036862 0.116601
0.000000 0.000000
-0.031250 0.000000
0.000000 0.000000
-0.036862 -0.116601
0.000000 0.000000
-0.075444 0.018306
0.000000 0.000000
0.133187 0.157708
0.000000 0.000000
0.031250 0.062500
0.000000 0.000000
0.017702 0.121097
0.000000 0.000000
0.012944 -0.106694
0.000000 0.000000
0.010974 0.096787
0.000000 0.000000
0.091069 0.044194
0.043076 -0.057028
-0.007674 0.120965
0.041781 -0.105058
-0.087074 0.024712
-0.002389 -0.115250
0.050471 -0.047137
-0.001033 -0.008927
0.086493 -0.121534
0.055025 0.061205
-0.147945 0.032313
-0.002299 -0.002470
-0.116084 0.156775
-0.007226 0.049622
-0.078635 -0.049372
-0.160056 0.041437
0.044194 0.010263
0.138715 -0.007225
-0.036298 -0.149273
-0.146601 -0.029526
0.132996 0.066993
-0.127437 0.023378
-0.011241 0.032885
0.063842 0.013149
-0.187825 -0.064396
-0.063166 -0.023437
0.000695 0.133483
0.103325 0.129945
0.046244 0.047237
-0.058381 -0.029146
0.134604 -0.000264
-0.035507 0.042396
0.041513 0.000000
0.005867 -0.090437
0.055509 -0.073130
0.128770 0.149252
-0.082120 -0.068907
-0.110557 0.013782
-0.035807 -0.130848
0.070639 0.053122
-0.042299 -0.099437
0.185963 0.032360
0.032460 -0.147798
0.048456 0.046664
0.035278 0.012419
-0.199552 0.110442
-0.099350 0.159708
0.085006 0.002757
0.088388 0.210708
-0.026047 -0.001347
-0.011537 0.101437
-0.003212 0.073721
-0.052190 -0.111188
-0.098006 -0.173619
0.121576 0.020100
0.118261 0.031045
-0.121534 0.020201
-0.016211 -0.090867
0.114790 -0.017998
0.006556 -0.085751
0.122950 -0.128043
-0.073230 -0.055986
-0.081619 0.014929
0.035625 0.001798
0.091069 0.044194
0.043076 -0.057028
-0.007674 0.120965
0.041781 -0.105058
-0.087074 0.024712
-0.002389 -0.115250
0.050471 -0.047137
-0.001033 -0.008927
0.009153 -0.046875
0.022678 -0.028146
-0.094557 0.091820
-0.076479 0.069311
0.023983 -0.060325
0.090112 -0.099860
-0.156074 -0.135138
0.040829 -0.049236
-0.023993 -0.011049
-0.101461 -0.112348
-0.189129 -0.016184
0.081444 -0.147572
0.032439 -0.061172
-0.037525 0.086212
-0.052633 -0.021095
-0.072906 0.007048
0.024778 -0.031250
0.055912 0.001230
-0.009830 0.270285
-0.135339 0.014891
0.037262 0.157170
0.063777 -0.002188
-0.021707 0.004630
0.054961 -0.153984
0.121534 -0.064396
0.116654 -0.009606
-0.038506 0.054994
-0.024281 0.082481
-0.110597 -0.011755
-0.002129 0.128733
-0.021503 -0.006050
-0.054740 0.130072
-0.009153 0.002681
0.019758 -0.046449
0.007562 -0.025955
-0.139003 -0.107605
0.069767 -0.007536
-0.009980 0.106557
0.058618 -0.151789
-0.049283 0.113465
0.156575 0.011049
0.010962 0.089720
-0.046783 0.014791
-0.078150 -0.013435
0.061311 -0.120966
0.095362 -0.018216
-0.050235 0.012582
0.003504 0.034039
-0.024778 0.075444
0.052541 0.010865
-0.043340 -0.122761
-0.031038 -0.134768
-0.131012 0.087469
-0.118021 0.057990
0.332552 0.068908
0.023275 -0.078715
0.099437 0.064396
0.124733 -0.030266
-0.115746 -0.090213
0.101068 0.111697
0.016847 0.017116
-0.029821 -0.134229
0.087759 0.051175
0.002582 0.122311
0.009153 -0.046875
0.022678 -0.028146
-0.094557 0.091820
-0.076479 0.069311
0.023983 -0.060325
0.090112 -0.099860
-0.156074 -0.135138
0.040829 -0.049236
0.040403 0.148208
-0.115966 0.004108
0.083496 0.111703
-0.073869 -0.183610
-0.036671 -0.024016
0.064665 -0.022777
-0.091149 0.025899
-0.012177 -0.030111
0.020201 0.033146
0.078234 -0.014601
0.133032 0.025392
0.065305 -0.059020
-0.096654 0.093987
-0.180878 0.165512
0.109795 -0.088780
-0.092535 -0.114277
0.068972 -0.044194
-0.060402 0.060066
-0.084138 -0.010714
-0.061583 -0.039834
0.019620 0.015560
-0.025026 -0.013725
0.091196 0.093589
0.024148 0.123270
0.033146 -0.064396
0.020956 0.003563
-0.109096 0.001449
-0.092835 -0.083561
-0.066528 -0.068341
0.017809 0.015799
-0.130068 -0.030654
-0.038865 -0.019445
-0.040403 0.072763
0.084487 -0.073474
-0.185041 0.051617
0.089049 -0.097687
0.080865 0.086516
0.106250 0.095753
0.211854 0.002776
-0.079198 0.175069
-0.108590 0.011049
0.205878 0.149629
0.111094 -0.093042
-0.059457 0.118821
-0.010040 -0.057375
0.077045 0.025666
0.069044 0.107940
-0.063001 0.079439
0.019416 -0.000000
0.079449 -0.195782
-0.152705 -0.152606
0.020514 -0.022407
0.024574 -0.078060
-0.052351 -0.004034
0.001488 0.002735
-0.083661 -0.005796
-0.033146 0.020201
0.009141 0.118267
0.026582 0.066201
0.061099 -0.184479
0.084834 -0.145048
0.044263 0.039582
-0.085383 -0.113506
0.043512 -0.009926
0.040403 0.148208
-0.115966 0.004108
0.083496 0.111703
-0.073869 -0.183610
-0.036671 -0.024016
0.064665 -0.022777
-0.091149 0.025899
-0.012177 -0.030111
-0.027459 0.028569
0.104860 -0.012009
0.008346 -0.028992
-0.022665 0.039261
-0.117371 -0.096956
-0.019087 0.024556
0.019707 -0.140046
0.031155 0.089541
0.196978 -0.011049
-0.096331 0.036461
-0.073615 -0.013329
-0.044824 0.013382
-0.090609 -0.044556
-0.089671 0.037857
-0.012422 -0.072047
-0.027504 -0.021309
-0.037722 0.044194
0.123128 -0.086667
0.041037 0.087494
-0.036796 -0.026542
0.148156 0.156612
0.039160 -0.048583
-0.113023 0.028211
0.129815 0.093740
0.033146 0.112381
-0.082758 -0.031594
-0.118931 0.031679
-0.022409 -0.021334
-0.096490 -0.069663
-0.007273 -0.022646
0.013559 0.030677
-0.061682 0.004212
0.204235 0.015625
-0.130906 -0.050361
-0.101557 0.029782
0.025394 -0.179337
0.067815 0.047400
0.000403 0.170417
-0.125612 -0.033971
0.010524 -0.052575
0.023993 -0.077340
0.043296 0.017581
-0.115529 -0.038475
0.069185 -0.010499
0.077665 0.130723
-0.053835 0.050955
0.108420 0.066108
0.022246 0.144066
0.037722 0.088388
0.252159 -0.048108
0.062898 0.062605
0.088630 -0.040042
-0.010211 -0.018668
-0.172017 -0.160401
0.156428 -0.005082
-0.001446 -0.039531
-0.077340 -0.023993
-0.140226 0.174696
-0.056202 0.046013
0.120261 -0.024889
0.021046 -0.281669
-0.124456 -0.052154
-0.047057 -0.050627
0.073668 0.031855
-0.027459 0.028569
0.104860 -0.012009
0.008346 -0.028992
-0.022665 0.039261
-0.117371 -0.096956
-0.019087 0.024556
0.019707 -0.140046
0.031155 0.089541
